Time CK_0001a CK_0001b CK_0002a CK_0002b CK_0003a CK_0003b CK_0004a CK_0004b CK_0005a CK_0005b CK_0009a CK_0009b CK_0010a CK_0010b CK_0011a CK_0011b CK_0012a CK_0012b CK_0013a CK_0013b CK_0014a CK_0014b CK_0015a CK_0015b driver_0006a driver_0006b driver_0007a driver_0007b driver_0008a driver_0008b out_o
1 -2 -2 -2 -2 -2 -2 -2 -2 -2 -2 -2 -2 -2 -2 -2 -2 -2 -2 -2 -2 -2 -2 -2 -2 9.290000e-01 -9.240000e-01 9.290000e-01 -9.240000e-01 9.290000e-01 -9.240000e-01 7.726238e-04
2 -1.333333e+00 -1.333333e+00 -1.333333e+00 -1.333333e+00 -1.333333e+00 -1.333333e+00 -1.333333e+00 -1.333333e+00 -1.333333e+00 -1.333333e+00 -2 -2 -2 -2 -2 -2 -2 -2 -1.333333e+00 -1.333333e+00 -1.333333e+00 -1.333333e+00 -2 -2 9.290000e-01 -9.240000e-01 9.290000e-01 -9.240000e-01 9.290000e-01 -9.240000e-01 6.266899e-04
3 -6.666667e-01 -6.666667e-01 -6.666667e-01 -6.666667e-01 -6.666667e-01 -6.666667e-01 -6.666667e-01 -6.666667e-01 -6.666667e-01 -6.666667e-01 -2 -2 -2 -2 -2 -2 -2 -2 -6.666667e-01 -6.666667e-01 -6.666667e-01 -6.666667e-01 -2 -2 9.290000e-01 -9.240000e-01 9.290000e-01 -9.240000e-01 9.290000e-01 -9.240000e-01 4.300058e-04
4 0 0 0 0 0 0 0 0 0 0 -2 -2 -2 -2 -2 -2 -2 -2 0 0 0 0 -2 -2 9.290000e-01 -9.240000e-01 9.290000e-01 -9.240000e-01 9.290000e-01 -9.240000e-01 -4.726744e-05
5 6.666667e-01 6.666667e-01 6.666667e-01 6.666667e-01 6.666667e-01 6.666667e-01 6.666667e-01 6.666667e-01 6.666667e-01 6.666667e-01 -2 -2 -2 -2 -2 -2 -2 -2 6.666667e-01 6.666667e-01 6.666667e-01 6.666667e-01 -2 -2 9.290000e-01 -9.240000e-01 9.290000e-01 -9.240000e-01 9.290000e-01 -9.240000e-01 -4.868115e-05
6 1.333333e+00 1.333333e+00 1.333333e+00 1.333333e+00 1.333333e+00 1.333333e+00 1.333333e+00 1.333333e+00 1.333333e+00 1.333333e+00 -2 -2 -2 -2 -2 -2 -2 -2 1.333333e+00 1.333333e+00 1.333333e+00 1.333333e+00 -2 -2 9.290000e-01 -9.240000e-01 9.290000e-01 -9.240000e-01 9.290000e-01 -9.240000e-01 -1.226403e-04
7 2 2 2 2 2 2 2 2 2 2 -2 -2 -2 -2 -2 -2 -2 -2 2 2 2 2 -2 -2 9.290000e-01 -9.240000e-01 9.290000e-01 -9.240000e-01 9.290000e-01 -9.240000e-01 -1.093826e-04
8 2 2 2 2 2 2 2 2 2 2 -2 -2 -2 -2 -2 -2 -2 -2 2 2 2 2 -2 -2 9.290000e-01 -9.240000e-01 9.290000e-01 -9.240000e-01 9.290000e-01 -9.240000e-01 -1.093854e-04
9 2 2 2 2 2 2 2 2 2 2 -2 -2 -2 -2 -2 -2 -1.333333e+00 -1.333333e+00 2 2 2 2 -2 -2 9.290000e-01 -9.240000e-01 9.290000e-01 -9.240000e-01 9.290000e-01 -9.240000e-01 -1.949583e-04
10 2 2 2 2 2 2 2 2 2 2 -2 -2 -2 -2 -2 -2 -6.666667e-01 -6.666667e-01 2 2 2 2 -2 -2 9.290000e-01 -9.240000e-01 9.290000e-01 -9.240000e-01 9.290000e-01 -9.240000e-01 -7.042702e-04
11 2 2 2 2 2 2 2 2 2 2 -2 -2 -2 -2 -2 -2 0 0 2 2 2 2 -2 -2 9.290000e-01 -9.240000e-01 9.290000e-01 -9.240000e-01 9.290000e-01 -9.240000e-01 -8.523762e-04
12 2 2 2 2 2 2 2 2 2 2 -2 -2 -2 -2 -2 -2 6.666667e-01 6.666667e-01 2 2 2 2 -2 -2 9.290000e-01 -9.240000e-01 9.290000e-01 -9.240000e-01 9.290000e-01 -9.240000e-01 -1.139469e-03
13 2 2 2 2 2 2 2 2 2 2 -2 -2 -2 -2 -2 -2 1.333333e+00 1.333333e+00 2 2 2 2 -2 -2 9.290000e-01 -9.240000e-01 9.290000e-01 -9.240000e-01 9.290000e-01 -9.240000e-01 -1.221285e-03
14 2 2 2 2 2 2 2 2 2 2 -2 -2 -2 -2 -2 -2 2 2 2 2 2 2 -2 -2 9.290000e-01 -9.240000e-01 9.290000e-01 -9.240000e-01 9.290000e-01 -9.240000e-01 -1.242815e-03
15 2 2 2 2 2 2 2 2 2 2 -2 -2 -2 -2 -2 -2 2 2 2 2 2 2 -2 -2 9.290000e-01 -9.240000e-01 9.290000e-01 -9.240000e-01 9.290000e-01 -9.240000e-01 -1.242816e-03
16 1.333333e+00 1.333333e+00 1.333333e+00 1.333333e+00 1.333333e+00 1.333333e+00 1.333333e+00 1.333333e+00 1.333333e+00 1.333333e+00 -1.333333e+00 -1.333333e+00 -1.333333e+00 -1.333333e+00 -1.333333e+00 -1.333333e+00 2 2 1.333333e+00 1.333333e+00 1.333333e+00 1.333333e+00 -1.333333e+00 -1.333333e+00 9.290000e-01 -9.240000e-01 9.290000e-01 -9.240000e-01 9.290000e-01 -9.240000e-01 -1.850332e-04
17 6.666667e-01 6.666667e-01 6.666667e-01 6.666667e-01 6.666667e-01 6.666667e-01 6.666667e-01 6.666667e-01 6.666667e-01 6.666667e-01 -6.666667e-01 -6.666667e-01 -6.666667e-01 -6.666667e-01 -6.666667e-01 -6.666667e-01 2 2 6.666667e-01 6.666667e-01 6.666667e-01 6.666667e-01 -6.666667e-01 -6.666667e-01 9.290000e-01 -9.240000e-01 9.290000e-01 -9.240000e-01 9.290000e-01 -9.240000e-01 -1.085388e-02
18 0 0 0 0 0 0 0 0 0 0 0 0 0 0 0 0 2 2 0 0 0 0 0 0 9.290000e-01 -9.240000e-01 9.290000e-01 -9.240000e-01 9.290000e-01 -9.240000e-01 -8.570759e-02
19 -6.666667e-01 -6.666667e-01 -6.666667e-01 -6.666667e-01 -6.666667e-01 -6.666667e-01 -6.666667e-01 -6.666667e-01 -6.666667e-01 -6.666667e-01 6.666667e-01 6.666667e-01 6.666667e-01 6.666667e-01 6.666667e-01 6.666667e-01 2 2 -6.666667e-01 -6.666667e-01 -6.666667e-01 -6.666667e-01 6.666667e-01 6.666667e-01 9.290000e-01 -9.240000e-01 9.290000e-01 -9.240000e-01 9.290000e-01 -9.240000e-01 -6.969578e-02
20 -1.333333e+00 -1.333333e+00 -1.333333e+00 -1.333333e+00 -1.333333e+00 -1.333333e+00 -1.333333e+00 -1.333333e+00 -1.333333e+00 -1.333333e+00 1.333333e+00 1.333333e+00 1.333333e+00 1.333333e+00 1.333333e+00 1.333333e+00 2 2 -1.333333e+00 -1.333333e+00 -1.333333e+00 -1.333333e+00 1.333333e+00 1.333333e+00 9.290000e-01 -9.240000e-01 9.290000e-01 -9.240000e-01 9.290000e-01 -9.240000e-01 -5.766974e-02
21 -2 -2 -2 -2 -2 -2 -2 -2 -2 -2 2 2 2 2 2 2 2 2 -2 -2 -2 -2 2 2 9.290000e-01 -9.240000e-01 9.290000e-01 -9.240000e-01 9.290000e-01 -9.240000e-01 -5.990453e-02
22 -2 -2 -2 -2 -2 -2 -2 -2 -2 -2 2 2 2 2 2 2 2 2 -2 -2 -2 -2 2 2 9.290000e-01 -9.240000e-01 9.290000e-01 -9.240000e-01 9.290000e-01 -9.240000e-01 -5.990926e-02
23 -2 -2 -2 -2 -2 -2 -2 -2 -2 -2 2 2 2 2 2 2 1.333333e+00 1.333333e+00 -2 -2 -2 -2 2 2 9.290000e-01 -9.240000e-01 9.290000e-01 -9.240000e-01 9.290000e-01 -9.240000e-01 -5.994331e-02
24 -2 -2 -2 -2 -2 -2 -2 -2 -2 -2 2 2 2 2 2 2 6.666667e-01 6.666667e-01 -2 -2 -2 -2 2 2 9.290000e-01 -9.240000e-01 9.290000e-01 -9.240000e-01 9.290000e-01 -9.240000e-01 -5.995043e-02
25 -2 -2 -2 -2 -2 -2 -2 -2 -2 -2 2 2 2 2 2 2 0 0 -2 -2 -2 -2 2 2 9.290000e-01 -9.240000e-01 9.290000e-01 -9.240000e-01 9.290000e-01 -9.240000e-01 -5.995470e-02
26 -2 -2 -2 -2 -2 -2 -2 -2 -2 -2 2 2 2 2 2 2 -6.666667e-01 -6.666667e-01 -2 -2 -2 -2 2 2 9.290000e-01 -9.240000e-01 9.290000e-01 -9.240000e-01 9.290000e-01 -9.240000e-01 -5.998212e-02
27 -2 -2 -2 -2 -2 -2 -2 -2 -2 -2 2 2 2 2 2 2 -1.333333e+00 -1.333333e+00 -2 -2 -2 -2 2 2 9.290000e-01 -9.240000e-01 9.290000e-01 -9.240000e-01 9.290000e-01 -9.240000e-01 -6.004804e-02
28 -2 -2 -2 -2 -2 -2 -2 -2 -2 -2 2 2 2 2 2 2 -2 -2 -2 -2 -2 -2 2 2 9.290000e-01 -9.240000e-01 9.290000e-01 -9.240000e-01 9.290000e-01 -9.240000e-01 -6.000445e-02
29 -2 -2 -2 -2 -2 -2 -2 -2 -2 -2 2 2 2 2 2 2 -2 -2 -2 -2 -2 -2 2 2 9.290000e-01 -9.240000e-01 9.290000e-01 -9.240000e-01 -9.240000e-01 9.290000e-01 -5.998927e-02
30 -1.333333e+00 -1.333333e+00 -1.333333e+00 -1.333333e+00 -1.333333e+00 -1.333333e+00 -1.333333e+00 -1.333333e+00 -1.333333e+00 -1.333333e+00 1.333333e+00 1.333333e+00 1.333333e+00 1.333333e+00 1.333333e+00 1.333333e+00 -2 -2 -1.333333e+00 -1.333333e+00 -1.333333e+00 -1.333333e+00 1.333333e+00 1.333333e+00 9.290000e-01 -9.240000e-01 9.290000e-01 -9.240000e-01 -9.240000e-01 9.290000e-01 -5.446008e-02
31 -6.666667e-01 -6.666667e-01 -6.666667e-01 -6.666667e-01 -6.666667e-01 -6.666667e-01 -6.666667e-01 -6.666667e-01 -6.666667e-01 -6.666667e-01 6.666667e-01 6.666667e-01 6.666667e-01 6.666667e-01 6.666667e-01 6.666667e-01 -2 -2 -6.666667e-01 -6.666667e-01 -6.666667e-01 -6.666667e-01 6.666667e-01 6.666667e-01 9.290000e-01 -9.240000e-01 9.290000e-01 -9.240000e-01 -9.240000e-01 9.290000e-01 -6.902854e-02
32 0 0 0 0 0 0 0 0 0 0 0 0 0 0 0 0 -2 -2 0 0 0 0 0 0 9.290000e-01 -9.240000e-01 9.290000e-01 -9.240000e-01 -9.240000e-01 9.290000e-01 -8.617594e-02
33 6.666667e-01 6.666667e-01 6.666667e-01 6.666667e-01 6.666667e-01 6.666667e-01 6.666667e-01 6.666667e-01 6.666667e-01 6.666667e-01 -6.666667e-01 -6.666667e-01 -6.666667e-01 -6.666667e-01 -6.666667e-01 -6.666667e-01 -2 -2 6.666667e-01 6.666667e-01 6.666667e-01 6.666667e-01 -6.666667e-01 -6.666667e-01 9.290000e-01 -9.240000e-01 9.290000e-01 -9.240000e-01 -9.240000e-01 9.290000e-01 -9.470062e-03
34 1.333333e+00 1.333333e+00 1.333333e+00 1.333333e+00 1.333333e+00 1.333333e+00 1.333333e+00 1.333333e+00 1.333333e+00 1.333333e+00 -1.333333e+00 -1.333333e+00 -1.333333e+00 -1.333333e+00 -1.333333e+00 -1.333333e+00 -2 -2 1.333333e+00 1.333333e+00 1.333333e+00 1.333333e+00 -1.333333e+00 -1.333333e+00 9.290000e-01 -9.240000e-01 9.290000e-01 -9.240000e-01 -9.240000e-01 9.290000e-01 1.175538e-03
35 2 2 2 2 2 2 2 2 2 2 -2 -2 -2 -2 -2 -2 -2 -2 2 2 2 2 -2 -2 9.290000e-01 -9.240000e-01 9.290000e-01 -9.240000e-01 -9.240000e-01 9.290000e-01 8.642938e-04
36 2 2 2 2 2 2 2 2 2 2 -2 -2 -2 -2 -2 -2 -2 -2 2 2 2 2 -2 -2 9.290000e-01 -9.240000e-01 9.290000e-01 -9.240000e-01 -9.240000e-01 9.290000e-01 8.643012e-04
37 2 2 2 2 2 2 2 2 2 2 -2 -2 -2 -2 -2 -2 -1.333333e+00 -1.333333e+00 2 2 2 2 -2 -2 9.290000e-01 -9.240000e-01 9.290000e-01 -9.240000e-01 -9.240000e-01 9.290000e-01 1.004200e-03
38 2 2 2 2 2 2 2 2 2 2 -2 -2 -2 -2 -2 -2 -6.666667e-01 -6.666667e-01 2 2 2 2 -2 -2 9.290000e-01 -9.240000e-01 9.290000e-01 -9.240000e-01 -9.240000e-01 9.290000e-01 1.112394e-03
39 2 2 2 2 2 2 2 2 2 2 -2 -2 -2 -2 -2 -2 0 0 2 2 2 2 -2 -2 9.290000e-01 -9.240000e-01 9.290000e-01 -9.240000e-01 -9.240000e-01 9.290000e-01 6.458498e-04
40 2 2 2 2 2 2 2 2 2 2 -2 -2 -2 -2 -2 -2 6.666667e-01 6.666667e-01 2 2 2 2 -2 -2 9.290000e-01 -9.240000e-01 9.290000e-01 -9.240000e-01 -9.240000e-01 9.290000e-01 3.501693e-04
41 2 2 2 2 2 2 2 2 2 2 -2 -2 -2 -2 -2 -2 1.333333e+00 1.333333e+00 2 2 2 2 -2 -2 9.290000e-01 -9.240000e-01 9.290000e-01 -9.240000e-01 -9.240000e-01 9.290000e-01 3.633229e-04
42 2 2 2 2 2 2 2 2 2 2 -2 -2 -2 -2 -2 -2 2 2 2 2 2 2 -2 -2 9.290000e-01 -9.240000e-01 9.290000e-01 -9.240000e-01 -9.240000e-01 9.290000e-01 3.329672e-04
43 2 2 2 2 2 2 2 2 2 2 -2 -2 -2 -2 -2 -2 2 2 2 2 2 2 -2 -2 9.290000e-01 -9.240000e-01 9.290000e-01 -9.240000e-01 -9.240000e-01 9.290000e-01 3.329379e-04
44 1.333333e+00 1.333333e+00 1.333333e+00 1.333333e+00 1.333333e+00 1.333333e+00 1.333333e+00 1.333333e+00 1.333333e+00 1.333333e+00 -1.333333e+00 -1.333333e+00 -1.333333e+00 -1.333333e+00 -1.333333e+00 -1.333333e+00 2 2 1.333333e+00 1.333333e+00 1.333333e+00 1.333333e+00 -1.333333e+00 -1.333333e+00 9.290000e-01 -9.240000e-01 9.290000e-01 -9.240000e-01 -9.240000e-01 9.290000e-01 9.109721e-04
45 6.666667e-01 6.666667e-01 6.666667e-01 6.666667e-01 6.666667e-01 6.666667e-01 6.666667e-01 6.666667e-01 6.666667e-01 6.666667e-01 -6.666667e-01 -6.666667e-01 -6.666667e-01 -6.666667e-01 -6.666667e-01 -6.666667e-01 2 2 6.666667e-01 6.666667e-01 6.666667e-01 6.666667e-01 -6.666667e-01 -6.666667e-01 9.290000e-01 -9.240000e-01 9.290000e-01 -9.240000e-01 -9.240000e-01 9.290000e-01 -9.784396e-03
46 0 0 0 0 0 0 0 0 0 0 0 0 0 0 0 0 2 2 0 0 0 0 0 0 9.290000e-01 -9.240000e-01 9.290000e-01 -9.240000e-01 -9.240000e-01 9.290000e-01 -8.408503e-02
47 -6.666667e-01 -6.666667e-01 -6.666667e-01 -6.666667e-01 -6.666667e-01 -6.666667e-01 -6.666667e-01 -6.666667e-01 -6.666667e-01 -6.666667e-01 6.666667e-01 6.666667e-01 6.666667e-01 6.666667e-01 6.666667e-01 6.666667e-01 2 2 -6.666667e-01 -6.666667e-01 -6.666667e-01 -6.666667e-01 6.666667e-01 6.666667e-01 9.290000e-01 -9.240000e-01 9.290000e-01 -9.240000e-01 -9.240000e-01 9.290000e-01 -6.914346e-02
48 -1.333333e+00 -1.333333e+00 -1.333333e+00 -1.333333e+00 -1.333333e+00 -1.333333e+00 -1.333333e+00 -1.333333e+00 -1.333333e+00 -1.333333e+00 1.333333e+00 1.333333e+00 1.333333e+00 1.333333e+00 1.333333e+00 1.333333e+00 2 2 -1.333333e+00 -1.333333e+00 -1.333333e+00 -1.333333e+00 1.333333e+00 1.333333e+00 9.290000e-01 -9.240000e-01 9.290000e-01 -9.240000e-01 -9.240000e-01 9.290000e-01 -5.458264e-02
49 -2 -2 -2 -2 -2 -2 -2 -2 -2 -2 2 2 2 2 2 2 2 2 -2 -2 -2 -2 2 2 9.290000e-01 -9.240000e-01 9.290000e-01 -9.240000e-01 -9.240000e-01 9.290000e-01 -5.986305e-02
50 -2 -2 -2 -2 -2 -2 -2 -2 -2 -2 2 2 2 2 2 2 2 2 -2 -2 -2 -2 2 2 9.290000e-01 -9.240000e-01 9.290000e-01 -9.240000e-01 -9.240000e-01 9.290000e-01 -5.986772e-02
51 -2 -2 -2 -2 -2 -2 -2 -2 -2 -2 2 2 2 2 2 2 1.333333e+00 1.333333e+00 -2 -2 -2 -2 2 2 9.290000e-01 -9.240000e-01 9.290000e-01 -9.240000e-01 -9.240000e-01 9.290000e-01 -5.989054e-02
52 -2 -2 -2 -2 -2 -2 -2 -2 -2 -2 2 2 2 2 2 2 6.666667e-01 6.666667e-01 -2 -2 -2 -2 2 2 9.290000e-01 -9.240000e-01 9.290000e-01 -9.240000e-01 -9.240000e-01 9.290000e-01 -5.989751e-02
53 -2 -2 -2 -2 -2 -2 -2 -2 -2 -2 2 2 2 2 2 2 0 0 -2 -2 -2 -2 2 2 9.290000e-01 -9.240000e-01 9.290000e-01 -9.240000e-01 -9.240000e-01 9.290000e-01 -5.990809e-02
54 -2 -2 -2 -2 -2 -2 -2 -2 -2 -2 2 2 2 2 2 2 -6.666667e-01 -6.666667e-01 -2 -2 -2 -2 2 2 9.290000e-01 -9.240000e-01 9.290000e-01 -9.240000e-01 -9.240000e-01 9.290000e-01 -5.995863e-02
55 -2 -2 -2 -2 -2 -2 -2 -2 -2 -2 2 2 2 2 2 2 -1.333333e+00 -1.333333e+00 -2 -2 -2 -2 2 2 9.290000e-01 -9.240000e-01 9.290000e-01 -9.240000e-01 -9.240000e-01 9.290000e-01 -6.004483e-02
56 -2 -2 -2 -2 -2 -2 -2 -2 -2 -2 2 2 2 2 2 2 -2 -2 -2 -2 -2 -2 2 2 9.290000e-01 -9.240000e-01 9.290000e-01 -9.240000e-01 -9.240000e-01 9.290000e-01 -5.999593e-02
57 -2 -2 -2 -2 -2 -2 -2 -2 -2 -2 2 2 2 2 2 2 -2 -2 -2 -2 -2 -2 2 2 9.290000e-01 -9.240000e-01 -9.240000e-01 9.290000e-01 9.290000e-01 -9.240000e-01 -6.005330e-02
58 -1.333333e+00 -1.333333e+00 -1.333333e+00 -1.333333e+00 -1.333333e+00 -1.333333e+00 -1.333333e+00 -1.333333e+00 -1.333333e+00 -1.333333e+00 1.333333e+00 1.333333e+00 1.333333e+00 1.333333e+00 1.333333e+00 1.333333e+00 -2 -2 -1.333333e+00 -1.333333e+00 -1.333333e+00 -1.333333e+00 1.333333e+00 1.333333e+00 9.290000e-01 -9.240000e-01 -9.240000e-01 9.290000e-01 9.290000e-01 -9.240000e-01 -5.450312e-02
59 -6.666667e-01 -6.666667e-01 -6.666667e-01 -6.666667e-01 -6.666667e-01 -6.666667e-01 -6.666667e-01 -6.666667e-01 -6.666667e-01 -6.666667e-01 6.666667e-01 6.666667e-01 6.666667e-01 6.666667e-01 6.666667e-01 6.666667e-01 -2 -2 -6.666667e-01 -6.666667e-01 -6.666667e-01 -6.666667e-01 6.666667e-01 6.666667e-01 9.290000e-01 -9.240000e-01 -9.240000e-01 9.290000e-01 9.290000e-01 -9.240000e-01 -6.954044e-02
60 0 0 0 0 0 0 0 0 0 0 0 0 0 0 0 0 -2 -2 0 0 0 0 0 0 9.290000e-01 -9.240000e-01 -9.240000e-01 9.290000e-01 9.290000e-01 -9.240000e-01 -8.467724e-02
61 6.666667e-01 6.666667e-01 6.666667e-01 6.666667e-01 6.666667e-01 6.666667e-01 6.666667e-01 6.666667e-01 6.666667e-01 6.666667e-01 -6.666667e-01 -6.666667e-01 -6.666667e-01 -6.666667e-01 -6.666667e-01 -6.666667e-01 -2 -2 6.666667e-01 6.666667e-01 6.666667e-01 6.666667e-01 -6.666667e-01 -6.666667e-01 9.290000e-01 -9.240000e-01 -9.240000e-01 9.290000e-01 9.290000e-01 -9.240000e-01 1.002833e-02
62 1.333333e+00 1.333333e+00 1.333333e+00 1.333333e+00 1.333333e+00 1.333333e+00 1.333333e+00 1.333333e+00 1.333333e+00 1.333333e+00 -1.333333e+00 -1.333333e+00 -1.333333e+00 -1.333333e+00 -1.333333e+00 -1.333333e+00 -2 -2 1.333333e+00 1.333333e+00 1.333333e+00 1.333333e+00 -1.333333e+00 -1.333333e+00 9.290000e-01 -9.240000e-01 -9.240000e-01 9.290000e-01 9.290000e-01 -9.240000e-01 8.128074e-05
63 2 2 2 2 2 2 2 2 2 2 -2 -2 -2 -2 -2 -2 -2 -2 2 2 2 2 -2 -2 9.290000e-01 -9.240000e-01 -9.240000e-01 9.290000e-01 9.290000e-01 -9.240000e-01 -1.829781e-04
64 2 2 2 2 2 2 2 2 2 2 -2 -2 -2 -2 -2 -2 -2 -2 2 2 2 2 -2 -2 9.290000e-01 -9.240000e-01 -9.240000e-01 9.290000e-01 9.290000e-01 -9.240000e-01 -1.829559e-04
65 2 2 2 2 2 2 2 2 2 2 -2 -2 -2 -2 -2 -2 -1.333333e+00 -1.333333e+00 2 2 2 2 -2 -2 9.290000e-01 -9.240000e-01 -9.240000e-01 9.290000e-01 9.290000e-01 -9.240000e-01 -3.228555e-04
66 2 2 2 2 2 2 2 2 2 2 -2 -2 -2 -2 -2 -2 -6.666667e-01 -6.666667e-01 2 2 2 2 -2 -2 9.290000e-01 -9.240000e-01 -9.240000e-01 9.290000e-01 9.290000e-01 -9.240000e-01 -7.708624e-04
67 2 2 2 2 2 2 2 2 2 2 -2 -2 -2 -2 -2 -2 0 0 2 2 2 2 -2 -2 9.290000e-01 -9.240000e-01 -9.240000e-01 9.290000e-01 9.290000e-01 -9.240000e-01 -9.915010e-04
68 2 2 2 2 2 2 2 2 2 2 -2 -2 -2 -2 -2 -2 6.666667e-01 6.666667e-01 2 2 2 2 -2 -2 9.290000e-01 -9.240000e-01 -9.240000e-01 9.290000e-01 9.290000e-01 -9.240000e-01 -1.167166e-03
69 2 2 2 2 2 2 2 2 2 2 -2 -2 -2 -2 -2 -2 1.333333e+00 1.333333e+00 2 2 2 2 -2 -2 9.290000e-01 -9.240000e-01 -9.240000e-01 9.290000e-01 9.290000e-01 -9.240000e-01 -1.223942e-03
70 2 2 2 2 2 2 2 2 2 2 -2 -2 -2 -2 -2 -2 2 2 2 2 2 2 -2 -2 9.290000e-01 -9.240000e-01 -9.240000e-01 9.290000e-01 9.290000e-01 -9.240000e-01 -1.241363e-03
71 2 2 2 2 2 2 2 2 2 2 -2 -2 -2 -2 -2 -2 2 2 2 2 2 2 -2 -2 9.290000e-01 -9.240000e-01 -9.240000e-01 9.290000e-01 9.290000e-01 -9.240000e-01 -1.241363e-03
72 1.333333e+00 1.333333e+00 1.333333e+00 1.333333e+00 1.333333e+00 1.333333e+00 1.333333e+00 1.333333e+00 1.333333e+00 1.333333e+00 -1.333333e+00 -1.333333e+00 -1.333333e+00 -1.333333e+00 -1.333333e+00 -1.333333e+00 2 2 1.333333e+00 1.333333e+00 1.333333e+00 1.333333e+00 -1.333333e+00 -1.333333e+00 9.290000e-01 -9.240000e-01 -9.240000e-01 9.290000e-01 9.290000e-01 -9.240000e-01 -2.053238e-04
73 6.666667e-01 6.666667e-01 6.666667e-01 6.666667e-01 6.666667e-01 6.666667e-01 6.666667e-01 6.666667e-01 6.666667e-01 6.666667e-01 -6.666667e-01 -6.666667e-01 -6.666667e-01 -6.666667e-01 -6.666667e-01 -6.666667e-01 2 2 6.666667e-01 6.666667e-01 6.666667e-01 6.666667e-01 -6.666667e-01 -6.666667e-01 9.290000e-01 -9.240000e-01 -9.240000e-01 9.290000e-01 9.290000e-01 -9.240000e-01 -1.095043e-02
74 0 0 0 0 0 0 0 0 0 0 0 0 0 0 0 0 2 2 0 0 0 0 0 0 9.290000e-01 -9.240000e-01 -9.240000e-01 9.290000e-01 9.290000e-01 -9.240000e-01 -8.557769e-02
75 -6.666667e-01 -6.666667e-01 -6.666667e-01 -6.666667e-01 -6.666667e-01 -6.666667e-01 -6.666667e-01 -6.666667e-01 -6.666667e-01 -6.666667e-01 6.666667e-01 6.666667e-01 6.666667e-01 6.666667e-01 6.666667e-01 6.666667e-01 2 2 -6.666667e-01 -6.666667e-01 -6.666667e-01 -6.666667e-01 6.666667e-01 6.666667e-01 9.290000e-01 -9.240000e-01 -9.240000e-01 9.290000e-01 9.290000e-01 -9.240000e-01 -6.968296e-02
76 -1.333333e+00 -1.333333e+00 -1.333333e+00 -1.333333e+00 -1.333333e+00 -1.333333e+00 -1.333333e+00 -1.333333e+00 -1.333333e+00 -1.333333e+00 1.333333e+00 1.333333e+00 1.333333e+00 1.333333e+00 1.333333e+00 1.333333e+00 2 2 -1.333333e+00 -1.333333e+00 -1.333333e+00 -1.333333e+00 1.333333e+00 1.333333e+00 9.290000e-01 -9.240000e-01 -9.240000e-01 9.290000e-01 9.290000e-01 -9.240000e-01 -5.766585e-02
77 -2 -2 -2 -2 -2 -2 -2 -2 -2 -2 2 2 2 2 2 2 2 2 -2 -2 -2 -2 2 2 9.290000e-01 -9.240000e-01 -9.240000e-01 9.290000e-01 9.290000e-01 -9.240000e-01 -5.996246e-02
78 -2 -2 -2 -2 -2 -2 -2 -2 -2 -2 2 2 2 2 2 2 2 2 -2 -2 -2 -2 2 2 9.290000e-01 -9.240000e-01 -9.240000e-01 9.290000e-01 9.290000e-01 -9.240000e-01 -5.996679e-02
79 -2 -2 -2 -2 -2 -2 -2 -2 -2 -2 2 2 2 2 2 2 1.333333e+00 1.333333e+00 -2 -2 -2 -2 2 2 9.290000e-01 -9.240000e-01 -9.240000e-01 9.290000e-01 9.290000e-01 -9.240000e-01 -6.000368e-02
80 -2 -2 -2 -2 -2 -2 -2 -2 -2 -2 2 2 2 2 2 2 6.666667e-01 6.666667e-01 -2 -2 -2 -2 2 2 9.290000e-01 -9.240000e-01 -9.240000e-01 9.290000e-01 9.290000e-01 -9.240000e-01 -6.000904e-02
81 -2 -2 -2 -2 -2 -2 -2 -2 -2 -2 2 2 2 2 2 2 0 0 -2 -2 -2 -2 2 2 9.290000e-01 -9.240000e-01 -9.240000e-01 9.290000e-01 9.290000e-01 -9.240000e-01 -6.001256e-02
82 -2 -2 -2 -2 -2 -2 -2 -2 -2 -2 2 2 2 2 2 2 -6.666667e-01 -6.666667e-01 -2 -2 -2 -2 2 2 9.290000e-01 -9.240000e-01 -9.240000e-01 9.290000e-01 9.290000e-01 -9.240000e-01 -6.004029e-02
83 -2 -2 -2 -2 -2 -2 -2 -2 -2 -2 2 2 2 2 2 2 -1.333333e+00 -1.333333e+00 -2 -2 -2 -2 2 2 9.290000e-01 -9.240000e-01 -9.240000e-01 9.290000e-01 9.290000e-01 -9.240000e-01 -6.010474e-02
84 -2 -2 -2 -2 -2 -2 -2 -2 -2 -2 2 2 2 2 2 2 -2 -2 -2 -2 -2 -2 2 2 9.290000e-01 -9.240000e-01 -9.240000e-01 9.290000e-01 9.290000e-01 -9.240000e-01 -6.006233e-02
85 -2 -2 -2 -2 -2 -2 -2 -2 -2 -2 2 2 2 2 2 2 -2 -2 -2 -2 -2 -2 2 2 9.290000e-01 -9.240000e-01 -9.240000e-01 9.290000e-01 -9.240000e-01 9.290000e-01 -6.004707e-02
86 -1.333333e+00 -1.333333e+00 -1.333333e+00 -1.333333e+00 -1.333333e+00 -1.333333e+00 -1.333333e+00 -1.333333e+00 -1.333333e+00 -1.333333e+00 1.333333e+00 1.333333e+00 1.333333e+00 1.333333e+00 1.333333e+00 1.333333e+00 -2 -2 -1.333333e+00 -1.333333e+00 -1.333333e+00 -1.333333e+00 1.333333e+00 1.333333e+00 9.290000e-01 -9.240000e-01 -9.240000e-01 9.290000e-01 -9.240000e-01 9.290000e-01 -5.445441e-02
87 -6.666667e-01 -6.666667e-01 -6.666667e-01 -6.666667e-01 -6.666667e-01 -6.666667e-01 -6.666667e-01 -6.666667e-01 -6.666667e-01 -6.666667e-01 6.666667e-01 6.666667e-01 6.666667e-01 6.666667e-01 6.666667e-01 6.666667e-01 -2 -2 -6.666667e-01 -6.666667e-01 -6.666667e-01 -6.666667e-01 6.666667e-01 6.666667e-01 9.290000e-01 -9.240000e-01 -9.240000e-01 9.290000e-01 -9.240000e-01 9.290000e-01 -6.901396e-02
88 0 0 0 0 0 0 0 0 0 0 0 0 0 0 0 0 -2 -2 0 0 0 0 0 0 9.290000e-01 -9.240000e-01 -9.240000e-01 9.290000e-01 -9.240000e-01 9.290000e-01 -8.611500e-02
89 6.666667e-01 6.666667e-01 6.666667e-01 6.666667e-01 6.666667e-01 6.666667e-01 6.666667e-01 6.666667e-01 6.666667e-01 6.666667e-01 -6.666667e-01 -6.666667e-01 -6.666667e-01 -6.666667e-01 -6.666667e-01 -6.666667e-01 -2 -2 6.666667e-01 6.666667e-01 6.666667e-01 6.666667e-01 -6.666667e-01 -6.666667e-01 9.290000e-01 -9.240000e-01 -9.240000e-01 9.290000e-01 -9.240000e-01 9.290000e-01 -9.591491e-03
90 1.333333e+00 1.333333e+00 1.333333e+00 1.333333e+00 1.333333e+00 1.333333e+00 1.333333e+00 1.333333e+00 1.333333e+00 1.333333e+00 -1.333333e+00 -1.333333e+00 -1.333333e+00 -1.333333e+00 -1.333333e+00 -1.333333e+00 -2 -2 1.333333e+00 1.333333e+00 1.333333e+00 1.333333e+00 -1.333333e+00 -1.333333e+00 9.290000e-01 -9.240000e-01 -9.240000e-01 9.290000e-01 -9.240000e-01 9.290000e-01 1.074944e-03
91 2 2 2 2 2 2 2 2 2 2 -2 -2 -2 -2 -2 -2 -2 -2 2 2 2 2 -2 -2 9.290000e-01 -9.240000e-01 -9.240000e-01 9.290000e-01 -9.240000e-01 9.290000e-01 7.845011e-04
92 2 2 2 2 2 2 2 2 2 2 -2 -2 -2 -2 -2 -2 -2 -2 2 2 2 2 -2 -2 9.290000e-01 -9.240000e-01 -9.240000e-01 9.290000e-01 -9.240000e-01 9.290000e-01 7.845202e-04
93 2 2 2 2 2 2 2 2 2 2 -2 -2 -2 -2 -2 -2 -1.333333e+00 -1.333333e+00 2 2 2 2 -2 -2 9.290000e-01 -9.240000e-01 -9.240000e-01 9.290000e-01 -9.240000e-01 9.290000e-01 8.603052e-04
94 2 2 2 2 2 2 2 2 2 2 -2 -2 -2 -2 -2 -2 -6.666667e-01 -6.666667e-01 2 2 2 2 -2 -2 9.290000e-01 -9.240000e-01 -9.240000e-01 9.290000e-01 -9.240000e-01 9.290000e-01 1.275791e-03
95 2 2 2 2 2 2 2 2 2 2 -2 -2 -2 -2 -2 -2 0 0 2 2 2 2 -2 -2 9.290000e-01 -9.240000e-01 -9.240000e-01 9.290000e-01 -9.240000e-01 9.290000e-01 1.984867e-03
96 2 2 2 2 2 2 2 2 2 2 -2 -2 -2 -2 -2 -2 6.666667e-01 6.666667e-01 2 2 2 2 -2 -2 9.290000e-01 -9.240000e-01 -9.240000e-01 9.290000e-01 -9.240000e-01 9.290000e-01 2.003793e-03
97 2 2 2 2 2 2 2 2 2 2 -2 -2 -2 -2 -2 -2 1.333333e+00 1.333333e+00 2 2 2 2 -2 -2 9.290000e-01 -9.240000e-01 -9.240000e-01 9.290000e-01 -9.240000e-01 9.290000e-01 2.054719e-03
98 2 2 2 2 2 2 2 2 2 2 -2 -2 -2 -2 -2 -2 2 2 2 2 2 2 -2 -2 9.290000e-01 -9.240000e-01 -9.240000e-01 9.290000e-01 -9.240000e-01 9.290000e-01 2.240570e-03
99 2 2 2 2 2 2 2 2 2 2 -2 -2 -2 -2 -2 -2 2 2 2 2 2 2 -2 -2 9.290000e-01 -9.240000e-01 -9.240000e-01 9.290000e-01 -9.240000e-01 9.290000e-01 2.240571e-03
100 1.333333e+00 1.333333e+00 1.333333e+00 1.333333e+00 1.333333e+00 1.333333e+00 1.333333e+00 1.333333e+00 1.333333e+00 1.333333e+00 -1.333333e+00 -1.333333e+00 -1.333333e+00 -1.333333e+00 -1.333333e+00 -1.333333e+00 2 2 1.333333e+00 1.333333e+00 1.333333e+00 1.333333e+00 -1.333333e+00 -1.333333e+00 9.290000e-01 -9.240000e-01 -9.240000e-01 9.290000e-01 -9.240000e-01 9.290000e-01 2.014210e-03
101 6.666667e-01 6.666667e-01 6.666667e-01 6.666667e-01 6.666667e-01 6.666667e-01 6.666667e-01 6.666667e-01 6.666667e-01 6.666667e-01 -6.666667e-01 -6.666667e-01 -6.666667e-01 -6.666667e-01 -6.666667e-01 -6.666667e-01 2 2 6.666667e-01 6.666667e-01 6.666667e-01 6.666667e-01 -6.666667e-01 -6.666667e-01 9.290000e-01 -9.240000e-01 -9.240000e-01 9.290000e-01 -9.240000e-01 9.290000e-01 1.189386e-02
102 0 0 0 0 0 0 0 0 0 0 0 0 0 0 0 0 2 2 0 0 0 0 0 0 9.290000e-01 -9.240000e-01 -9.240000e-01 9.290000e-01 -9.240000e-01 9.290000e-01 1.739683e-01
103 -6.666667e-01 -6.666667e-01 -6.666667e-01 -6.666667e-01 -6.666667e-01 -6.666667e-01 -6.666667e-01 -6.666667e-01 -6.666667e-01 -6.666667e-01 6.666667e-01 6.666667e-01 6.666667e-01 6.666667e-01 6.666667e-01 6.666667e-01 2 2 -6.666667e-01 -6.666667e-01 -6.666667e-01 -6.666667e-01 6.666667e-01 6.666667e-01 9.290000e-01 -9.240000e-01 -9.240000e-01 9.290000e-01 -9.240000e-01 9.290000e-01 1.520161e-01
104 -1.333333e+00 -1.333333e+00 -1.333333e+00 -1.333333e+00 -1.333333e+00 -1.333333e+00 -1.333333e+00 -1.333333e+00 -1.333333e+00 -1.333333e+00 1.333333e+00 1.333333e+00 1.333333e+00 1.333333e+00 1.333333e+00 1.333333e+00 2 2 -1.333333e+00 -1.333333e+00 -1.333333e+00 -1.333333e+00 1.333333e+00 1.333333e+00 9.290000e-01 -9.240000e-01 -9.240000e-01 9.290000e-01 -9.240000e-01 9.290000e-01 1.000369e-01
105 -2 -2 -2 -2 -2 -2 -2 -2 -2 -2 2 2 2 2 2 2 2 2 -2 -2 -2 -2 2 2 9.290000e-01 -9.240000e-01 -9.240000e-01 9.290000e-01 -9.240000e-01 9.290000e-01 9.429201e-02
106 -2 -2 -2 -2 -2 -2 -2 -2 -2 -2 2 2 2 2 2 2 2 2 -2 -2 -2 -2 2 2 9.290000e-01 -9.240000e-01 -9.240000e-01 9.290000e-01 -9.240000e-01 9.290000e-01 9.429230e-02
107 -2 -2 -2 -2 -2 -2 -2 -2 -2 -2 2 2 2 2 2 2 1.333333e+00 1.333333e+00 -2 -2 -2 -2 2 2 9.290000e-01 -9.240000e-01 -9.240000e-01 9.290000e-01 -9.240000e-01 9.290000e-01 9.429214e-02
108 -2 -2 -2 -2 -2 -2 -2 -2 -2 -2 2 2 2 2 2 2 6.666667e-01 6.666667e-01 -2 -2 -2 -2 2 2 9.290000e-01 -9.240000e-01 -9.240000e-01 9.290000e-01 -9.240000e-01 9.290000e-01 9.429093e-02
109 -2 -2 -2 -2 -2 -2 -2 -2 -2 -2 2 2 2 2 2 2 0 0 -2 -2 -2 -2 2 2 9.290000e-01 -9.240000e-01 -9.240000e-01 9.290000e-01 -9.240000e-01 9.290000e-01 9.428999e-02
110 -2 -2 -2 -2 -2 -2 -2 -2 -2 -2 2 2 2 2 2 2 -6.666667e-01 -6.666667e-01 -2 -2 -2 -2 2 2 9.290000e-01 -9.240000e-01 -9.240000e-01 9.290000e-01 -9.240000e-01 9.290000e-01 9.428622e-02
111 -2 -2 -2 -2 -2 -2 -2 -2 -2 -2 2 2 2 2 2 2 -1.333333e+00 -1.333333e+00 -2 -2 -2 -2 2 2 9.290000e-01 -9.240000e-01 -9.240000e-01 9.290000e-01 -9.240000e-01 9.290000e-01 9.430977e-02
112 -2 -2 -2 -2 -2 -2 -2 -2 -2 -2 2 2 2 2 2 2 -2 -2 -2 -2 -2 -2 2 2 9.290000e-01 -9.240000e-01 -9.240000e-01 9.290000e-01 -9.240000e-01 9.290000e-01 9.428425e-02
113 -2 -2 -2 -2 -2 -2 -2 -2 -2 -2 2 2 2 2 2 2 -2 -2 -2 -2 -2 -2 2 2 -9.240000e-01 9.290000e-01 9.290000e-01 -9.240000e-01 9.290000e-01 -9.240000e-01 9.446458e-02
114 -1.333333e+00 -1.333333e+00 -1.333333e+00 -1.333333e+00 -1.333333e+00 -1.333333e+00 -1.333333e+00 -1.333333e+00 -1.333333e+00 -1.333333e+00 1.333333e+00 1.333333e+00 1.333333e+00 1.333333e+00 1.333333e+00 1.333333e+00 -2 -2 -1.333333e+00 -1.333333e+00 -1.333333e+00 -1.333333e+00 1.333333e+00 1.333333e+00 -9.240000e-01 9.290000e-01 9.290000e-01 -9.240000e-01 9.290000e-01 -9.240000e-01 9.197752e-02
115 -6.666667e-01 -6.666667e-01 -6.666667e-01 -6.666667e-01 -6.666667e-01 -6.666667e-01 -6.666667e-01 -6.666667e-01 -6.666667e-01 -6.666667e-01 6.666667e-01 6.666667e-01 6.666667e-01 6.666667e-01 6.666667e-01 6.666667e-01 -2 -2 -6.666667e-01 -6.666667e-01 -6.666667e-01 -6.666667e-01 6.666667e-01 6.666667e-01 -9.240000e-01 9.290000e-01 9.290000e-01 -9.240000e-01 9.290000e-01 -9.240000e-01 1.519041e-01
116 0 0 0 0 0 0 0 0 0 0 0 0 0 0 0 0 -2 -2 0 0 0 0 0 0 -9.240000e-01 9.290000e-01 9.290000e-01 -9.240000e-01 9.290000e-01 -9.240000e-01 1.734222e-01
117 6.666667e-01 6.666667e-01 6.666667e-01 6.666667e-01 6.666667e-01 6.666667e-01 6.666667e-01 6.666667e-01 6.666667e-01 6.666667e-01 -6.666667e-01 -6.666667e-01 -6.666667e-01 -6.666667e-01 -6.666667e-01 -6.666667e-01 -2 -2 6.666667e-01 6.666667e-01 6.666667e-01 6.666667e-01 -6.666667e-01 -6.666667e-01 -9.240000e-01 9.290000e-01 9.290000e-01 -9.240000e-01 9.290000e-01 -9.240000e-01 1.121609e-02
118 1.333333e+00 1.333333e+00 1.333333e+00 1.333333e+00 1.333333e+00 1.333333e+00 1.333333e+00 1.333333e+00 1.333333e+00 1.333333e+00 -1.333333e+00 -1.333333e+00 -1.333333e+00 -1.333333e+00 -1.333333e+00 -1.333333e+00 -2 -2 1.333333e+00 1.333333e+00 1.333333e+00 1.333333e+00 -1.333333e+00 -1.333333e+00 -9.240000e-01 9.290000e-01 9.290000e-01 -9.240000e-01 9.290000e-01 -9.240000e-01 1.562684e-03
119 2 2 2 2 2 2 2 2 2 2 -2 -2 -2 -2 -2 -2 -2 -2 2 2 2 2 -2 -2 -9.240000e-01 9.290000e-01 9.290000e-01 -9.240000e-01 9.290000e-01 -9.240000e-01 1.040642e-03
120 2 2 2 2 2 2 2 2 2 2 -2 -2 -2 -2 -2 -2 -2 -2 2 2 2 2 -2 -2 -9.240000e-01 9.290000e-01 9.290000e-01 -9.240000e-01 9.290000e-01 -9.240000e-01 1.040644e-03
121 2 2 2 2 2 2 2 2 2 2 -2 -2 -2 -2 -2 -2 -1.333333e+00 -1.333333e+00 2 2 2 2 -2 -2 -9.240000e-01 9.290000e-01 9.290000e-01 -9.240000e-01 9.290000e-01 -9.240000e-01 1.139275e-03
122 2 2 2 2 2 2 2 2 2 2 -2 -2 -2 -2 -2 -2 -6.666667e-01 -6.666667e-01 2 2 2 2 -2 -2 -9.240000e-01 9.290000e-01 9.290000e-01 -9.240000e-01 9.290000e-01 -9.240000e-01 1.033710e-03
123 2 2 2 2 2 2 2 2 2 2 -2 -2 -2 -2 -2 -2 0 0 2 2 2 2 -2 -2 -9.240000e-01 9.290000e-01 9.290000e-01 -9.240000e-01 9.290000e-01 -9.240000e-01 7.822289e-04
124 2 2 2 2 2 2 2 2 2 2 -2 -2 -2 -2 -2 -2 6.666667e-01 6.666667e-01 2 2 2 2 -2 -2 -9.240000e-01 9.290000e-01 9.290000e-01 -9.240000e-01 9.290000e-01 -9.240000e-01 8.429106e-04
125 2 2 2 2 2 2 2 2 2 2 -2 -2 -2 -2 -2 -2 1.333333e+00 1.333333e+00 2 2 2 2 -2 -2 -9.240000e-01 9.290000e-01 9.290000e-01 -9.240000e-01 9.290000e-01 -9.240000e-01 9.102167e-04
126 2 2 2 2 2 2 2 2 2 2 -2 -2 -2 -2 -2 -2 2 2 2 2 2 2 -2 -2 -9.240000e-01 9.290000e-01 9.290000e-01 -9.240000e-01 9.290000e-01 -9.240000e-01 9.118694e-04
127 2 2 2 2 2 2 2 2 2 2 -2 -2 -2 -2 -2 -2 2 2 2 2 2 2 -2 -2 -9.240000e-01 9.290000e-01 9.290000e-01 -9.240000e-01 9.290000e-01 -9.240000e-01 9.118151e-04
128 1.333333e+00 1.333333e+00 1.333333e+00 1.333333e+00 1.333333e+00 1.333333e+00 1.333333e+00 1.333333e+00 1.333333e+00 1.333333e+00 -1.333333e+00 -1.333333e+00 -1.333333e+00 -1.333333e+00 -1.333333e+00 -1.333333e+00 2 2 1.333333e+00 1.333333e+00 1.333333e+00 1.333333e+00 -1.333333e+00 -1.333333e+00 -9.240000e-01 9.290000e-01 9.290000e-01 -9.240000e-01 9.290000e-01 -9.240000e-01 1.134216e-03
129 6.666667e-01 6.666667e-01 6.666667e-01 6.666667e-01 6.666667e-01 6.666667e-01 6.666667e-01 6.666667e-01 6.666667e-01 6.666667e-01 -6.666667e-01 -6.666667e-01 -6.666667e-01 -6.666667e-01 -6.666667e-01 -6.666667e-01 2 2 6.666667e-01 6.666667e-01 6.666667e-01 6.666667e-01 -6.666667e-01 -6.666667e-01 -9.240000e-01 9.290000e-01 9.290000e-01 -9.240000e-01 9.290000e-01 -9.240000e-01 -9.928605e-03
130 0 0 0 0 0 0 0 0 0 0 0 0 0 0 0 0 2 2 0 0 0 0 0 0 -9.240000e-01 9.290000e-01 9.290000e-01 -9.240000e-01 9.290000e-01 -9.240000e-01 -8.686989e-02
131 -6.666667e-01 -6.666667e-01 -6.666667e-01 -6.666667e-01 -6.666667e-01 -6.666667e-01 -6.666667e-01 -6.666667e-01 -6.666667e-01 -6.666667e-01 6.666667e-01 6.666667e-01 6.666667e-01 6.666667e-01 6.666667e-01 6.666667e-01 2 2 -6.666667e-01 -6.666667e-01 -6.666667e-01 -6.666667e-01 6.666667e-01 6.666667e-01 -9.240000e-01 9.290000e-01 9.290000e-01 -9.240000e-01 9.290000e-01 -9.240000e-01 -6.962800e-02
132 -1.333333e+00 -1.333333e+00 -1.333333e+00 -1.333333e+00 -1.333333e+00 -1.333333e+00 -1.333333e+00 -1.333333e+00 -1.333333e+00 -1.333333e+00 1.333333e+00 1.333333e+00 1.333333e+00 1.333333e+00 1.333333e+00 1.333333e+00 2 2 -1.333333e+00 -1.333333e+00 -1.333333e+00 -1.333333e+00 1.333333e+00 1.333333e+00 -9.240000e-01 9.290000e-01 9.290000e-01 -9.240000e-01 9.290000e-01 -9.240000e-01 -5.763985e-02
133 -2 -2 -2 -2 -2 -2 -2 -2 -2 -2 2 2 2 2 2 2 2 2 -2 -2 -2 -2 2 2 -9.240000e-01 9.290000e-01 9.290000e-01 -9.240000e-01 9.290000e-01 -9.240000e-01 -5.962742e-02
134 -2 -2 -2 -2 -2 -2 -2 -2 -2 -2 2 2 2 2 2 2 2 2 -2 -2 -2 -2 2 2 -9.240000e-01 9.290000e-01 9.290000e-01 -9.240000e-01 9.290000e-01 -9.240000e-01 -5.963250e-02
135 -2 -2 -2 -2 -2 -2 -2 -2 -2 -2 2 2 2 2 2 2 1.333333e+00 1.333333e+00 -2 -2 -2 -2 2 2 -9.240000e-01 9.290000e-01 9.290000e-01 -9.240000e-01 9.290000e-01 -9.240000e-01 -5.966545e-02
136 -2 -2 -2 -2 -2 -2 -2 -2 -2 -2 2 2 2 2 2 2 6.666667e-01 6.666667e-01 -2 -2 -2 -2 2 2 -9.240000e-01 9.290000e-01 9.290000e-01 -9.240000e-01 9.290000e-01 -9.240000e-01 -5.967308e-02
137 -2 -2 -2 -2 -2 -2 -2 -2 -2 -2 2 2 2 2 2 2 0 0 -2 -2 -2 -2 2 2 -9.240000e-01 9.290000e-01 9.290000e-01 -9.240000e-01 9.290000e-01 -9.240000e-01 -5.967772e-02
138 -2 -2 -2 -2 -2 -2 -2 -2 -2 -2 2 2 2 2 2 2 -6.666667e-01 -6.666667e-01 -2 -2 -2 -2 2 2 -9.240000e-01 9.290000e-01 9.290000e-01 -9.240000e-01 9.290000e-01 -9.240000e-01 -5.970760e-02
139 -2 -2 -2 -2 -2 -2 -2 -2 -2 -2 2 2 2 2 2 2 -1.333333e+00 -1.333333e+00 -2 -2 -2 -2 2 2 -9.240000e-01 9.290000e-01 9.290000e-01 -9.240000e-01 9.290000e-01 -9.240000e-01 -5.977500e-02
140 -2 -2 -2 -2 -2 -2 -2 -2 -2 -2 2 2 2 2 2 2 -2 -2 -2 -2 -2 -2 2 2 -9.240000e-01 9.290000e-01 9.290000e-01 -9.240000e-01 9.290000e-01 -9.240000e-01 -5.973139e-02
141 -2 -2 -2 -2 -2 -2 -2 -2 -2 -2 2 2 2 2 2 2 -2 -2 -2 -2 -2 -2 2 2 -9.240000e-01 9.290000e-01 9.290000e-01 -9.240000e-01 -9.240000e-01 9.290000e-01 -5.971625e-02
142 -1.333333e+00 -1.333333e+00 -1.333333e+00 -1.333333e+00 -1.333333e+00 -1.333333e+00 -1.333333e+00 -1.333333e+00 -1.333333e+00 -1.333333e+00 1.333333e+00 1.333333e+00 1.333333e+00 1.333333e+00 1.333333e+00 1.333333e+00 -2 -2 -1.333333e+00 -1.333333e+00 -1.333333e+00 -1.333333e+00 1.333333e+00 1.333333e+00 -9.240000e-01 9.290000e-01 9.290000e-01 -9.240000e-01 -9.240000e-01 9.290000e-01 -5.430546e-02
143 -6.666667e-01 -6.666667e-01 -6.666667e-01 -6.666667e-01 -6.666667e-01 -6.666667e-01 -6.666667e-01 -6.666667e-01 -6.666667e-01 -6.666667e-01 6.666667e-01 6.666667e-01 6.666667e-01 6.666667e-01 6.666667e-01 6.666667e-01 -2 -2 -6.666667e-01 -6.666667e-01 -6.666667e-01 -6.666667e-01 6.666667e-01 6.666667e-01 -9.240000e-01 9.290000e-01 9.290000e-01 -9.240000e-01 -9.240000e-01 9.290000e-01 -6.871143e-02
144 0 0 0 0 0 0 0 0 0 0 0 0 0 0 0 0 -2 -2 0 0 0 0 0 0 -9.240000e-01 9.290000e-01 9.290000e-01 -9.240000e-01 -9.240000e-01 9.290000e-01 -8.490379e-02
145 6.666667e-01 6.666667e-01 6.666667e-01 6.666667e-01 6.666667e-01 6.666667e-01 6.666667e-01 6.666667e-01 6.666667e-01 6.666667e-01 -6.666667e-01 -6.666667e-01 -6.666667e-01 -6.666667e-01 -6.666667e-01 -6.666667e-01 -2 -2 6.666667e-01 6.666667e-01 6.666667e-01 6.666667e-01 -6.666667e-01 -6.666667e-01 -9.240000e-01 9.290000e-01 9.290000e-01 -9.240000e-01 -9.240000e-01 9.290000e-01 -8.328475e-03
146 1.333333e+00 1.333333e+00 1.333333e+00 1.333333e+00 1.333333e+00 1.333333e+00 1.333333e+00 1.333333e+00 1.333333e+00 1.333333e+00 -1.333333e+00 -1.333333e+00 -1.333333e+00 -1.333333e+00 -1.333333e+00 -1.333333e+00 -2 -2 1.333333e+00 1.333333e+00 1.333333e+00 1.333333e+00 -1.333333e+00 -1.333333e+00 -9.240000e-01 9.290000e-01 9.290000e-01 -9.240000e-01 -9.240000e-01 9.290000e-01 2.541631e-03
147 2 2 2 2 2 2 2 2 2 2 -2 -2 -2 -2 -2 -2 -2 -2 2 2 2 2 -2 -2 -9.240000e-01 9.290000e-01 9.290000e-01 -9.240000e-01 -9.240000e-01 9.290000e-01 1.963616e-03
148 2 2 2 2 2 2 2 2 2 2 -2 -2 -2 -2 -2 -2 -2 -2 2 2 2 2 -2 -2 -9.240000e-01 9.290000e-01 9.290000e-01 -9.240000e-01 -9.240000e-01 9.290000e-01 1.963617e-03
149 2 2 2 2 2 2 2 2 2 2 -2 -2 -2 -2 -2 -2 -1.333333e+00 -1.333333e+00 2 2 2 2 -2 -2 -9.240000e-01 9.290000e-01 9.290000e-01 -9.240000e-01 -9.240000e-01 9.290000e-01 2.206480e-03
150 2 2 2 2 2 2 2 2 2 2 -2 -2 -2 -2 -2 -2 -6.666667e-01 -6.666667e-01 2 2 2 2 -2 -2 -9.240000e-01 9.290000e-01 9.290000e-01 -9.240000e-01 -9.240000e-01 9.290000e-01 2.515963e-03
151 2 2 2 2 2 2 2 2 2 2 -2 -2 -2 -2 -2 -2 0 0 2 2 2 2 -2 -2 -9.240000e-01 9.290000e-01 9.290000e-01 -9.240000e-01 -9.240000e-01 9.290000e-01 2.788215e-03
152 2 2 2 2 2 2 2 2 2 2 -2 -2 -2 -2 -2 -2 6.666667e-01 6.666667e-01 2 2 2 2 -2 -2 -9.240000e-01 9.290000e-01 9.290000e-01 -9.240000e-01 -9.240000e-01 9.290000e-01 2.682522e-03
153 2 2 2 2 2 2 2 2 2 2 -2 -2 -2 -2 -2 -2 1.333333e+00 1.333333e+00 2 2 2 2 -2 -2 -9.240000e-01 9.290000e-01 9.290000e-01 -9.240000e-01 -9.240000e-01 9.290000e-01 2.647895e-03
154 2 2 2 2 2 2 2 2 2 2 -2 -2 -2 -2 -2 -2 2 2 2 2 2 2 -2 -2 -9.240000e-01 9.290000e-01 9.290000e-01 -9.240000e-01 -9.240000e-01 9.290000e-01 2.661411e-03
155 2 2 2 2 2 2 2 2 2 2 -2 -2 -2 -2 -2 -2 2 2 2 2 2 2 -2 -2 -9.240000e-01 9.290000e-01 9.290000e-01 -9.240000e-01 -9.240000e-01 9.290000e-01 2.661410e-03
156 1.333333e+00 1.333333e+00 1.333333e+00 1.333333e+00 1.333333e+00 1.333333e+00 1.333333e+00 1.333333e+00 1.333333e+00 1.333333e+00 -1.333333e+00 -1.333333e+00 -1.333333e+00 -1.333333e+00 -1.333333e+00 -1.333333e+00 2 2 1.333333e+00 1.333333e+00 1.333333e+00 1.333333e+00 -1.333333e+00 -1.333333e+00 -9.240000e-01 9.290000e-01 9.290000e-01 -9.240000e-01 -9.240000e-01 9.290000e-01 2.753165e-03
157 6.666667e-01 6.666667e-01 6.666667e-01 6.666667e-01 6.666667e-01 6.666667e-01 6.666667e-01 6.666667e-01 6.666667e-01 6.666667e-01 -6.666667e-01 -6.666667e-01 -6.666667e-01 -6.666667e-01 -6.666667e-01 -6.666667e-01 2 2 6.666667e-01 6.666667e-01 6.666667e-01 6.666667e-01 -6.666667e-01 -6.666667e-01 -9.240000e-01 9.290000e-01 9.290000e-01 -9.240000e-01 -9.240000e-01 9.290000e-01 1.258775e-02
158 0 0 0 0 0 0 0 0 0 0 0 0 0 0 0 0 2 2 0 0 0 0 0 0 -9.240000e-01 9.290000e-01 9.290000e-01 -9.240000e-01 -9.240000e-01 9.290000e-01 1.742033e-01
159 -6.666667e-01 -6.666667e-01 -6.666667e-01 -6.666667e-01 -6.666667e-01 -6.666667e-01 -6.666667e-01 -6.666667e-01 -6.666667e-01 -6.666667e-01 6.666667e-01 6.666667e-01 6.666667e-01 6.666667e-01 6.666667e-01 6.666667e-01 2 2 -6.666667e-01 -6.666667e-01 -6.666667e-01 -6.666667e-01 6.666667e-01 6.666667e-01 -9.240000e-01 9.290000e-01 9.290000e-01 -9.240000e-01 -9.240000e-01 9.290000e-01 1.523033e-01
160 -1.333333e+00 -1.333333e+00 -1.333333e+00 -1.333333e+00 -1.333333e+00 -1.333333e+00 -1.333333e+00 -1.333333e+00 -1.333333e+00 -1.333333e+00 1.333333e+00 1.333333e+00 1.333333e+00 1.333333e+00 1.333333e+00 1.333333e+00 2 2 -1.333333e+00 -1.333333e+00 -1.333333e+00 -1.333333e+00 1.333333e+00 1.333333e+00 -9.240000e-01 9.290000e-01 9.290000e-01 -9.240000e-01 -9.240000e-01 9.290000e-01 1.000815e-01
161 -2 -2 -2 -2 -2 -2 -2 -2 -2 -2 2 2 2 2 2 2 2 2 -2 -2 -2 -2 2 2 -9.240000e-01 9.290000e-01 9.290000e-01 -9.240000e-01 -9.240000e-01 9.290000e-01 9.447500e-02
162 -2 -2 -2 -2 -2 -2 -2 -2 -2 -2 2 2 2 2 2 2 2 2 -2 -2 -2 -2 2 2 -9.240000e-01 9.290000e-01 9.290000e-01 -9.240000e-01 -9.240000e-01 9.290000e-01 9.447500e-02
163 -2 -2 -2 -2 -2 -2 -2 -2 -2 -2 2 2 2 2 2 2 1.333333e+00 1.333333e+00 -2 -2 -2 -2 2 2 -9.240000e-01 9.290000e-01 9.290000e-01 -9.240000e-01 -9.240000e-01 9.290000e-01 9.447532e-02
164 -2 -2 -2 -2 -2 -2 -2 -2 -2 -2 2 2 2 2 2 2 6.666667e-01 6.666667e-01 -2 -2 -2 -2 2 2 -9.240000e-01 9.290000e-01 9.290000e-01 -9.240000e-01 -9.240000e-01 9.290000e-01 9.447399e-02
165 -2 -2 -2 -2 -2 -2 -2 -2 -2 -2 2 2 2 2 2 2 0 0 -2 -2 -2 -2 2 2 -9.240000e-01 9.290000e-01 9.290000e-01 -9.240000e-01 -9.240000e-01 9.290000e-01 9.447308e-02
166 -2 -2 -2 -2 -2 -2 -2 -2 -2 -2 2 2 2 2 2 2 -6.666667e-01 -6.666667e-01 -2 -2 -2 -2 2 2 -9.240000e-01 9.290000e-01 9.290000e-01 -9.240000e-01 -9.240000e-01 9.290000e-01 9.446909e-02
167 -2 -2 -2 -2 -2 -2 -2 -2 -2 -2 2 2 2 2 2 2 -1.333333e+00 -1.333333e+00 -2 -2 -2 -2 2 2 -9.240000e-01 9.290000e-01 9.290000e-01 -9.240000e-01 -9.240000e-01 9.290000e-01 9.449242e-02
168 -2 -2 -2 -2 -2 -2 -2 -2 -2 -2 2 2 2 2 2 2 -2 -2 -2 -2 -2 -2 2 2 -9.240000e-01 9.290000e-01 9.290000e-01 -9.240000e-01 -9.240000e-01 9.290000e-01 9.446521e-02
169 -2 -2 -2 -2 -2 -2 -2 -2 -2 -2 2 2 2 2 2 2 -2 -2 -2 -2 -2 -2 2 2 -9.240000e-01 9.290000e-01 -9.240000e-01 9.290000e-01 9.290000e-01 -9.240000e-01 9.443126e-02
170 -1.333333e+00 -1.333333e+00 -1.333333e+00 -1.333333e+00 -1.333333e+00 -1.333333e+00 -1.333333e+00 -1.333333e+00 -1.333333e+00 -1.333333e+00 1.333333e+00 1.333333e+00 1.333333e+00 1.333333e+00 1.333333e+00 1.333333e+00 -2 -2 -1.333333e+00 -1.333333e+00 -1.333333e+00 -1.333333e+00 1.333333e+00 1.333333e+00 -9.240000e-01 9.290000e-01 -9.240000e-01 9.290000e-01 9.290000e-01 -9.240000e-01 9.198334e-02
171 -6.666667e-01 -6.666667e-01 -6.666667e-01 -6.666667e-01 -6.666667e-01 -6.666667e-01 -6.666667e-01 -6.666667e-01 -6.666667e-01 -6.666667e-01 6.666667e-01 6.666667e-01 6.666667e-01 6.666667e-01 6.666667e-01 6.666667e-01 -2 -2 -6.666667e-01 -6.666667e-01 -6.666667e-01 -6.666667e-01 6.666667e-01 6.666667e-01 -9.240000e-01 9.290000e-01 -9.240000e-01 9.290000e-01 9.290000e-01 -9.240000e-01 1.519293e-01
172 0 0 0 0 0 0 0 0 0 0 0 0 0 0 0 0 -2 -2 0 0 0 0 0 0 -9.240000e-01 9.290000e-01 -9.240000e-01 9.290000e-01 9.290000e-01 -9.240000e-01 1.733017e-01
173 6.666667e-01 6.666667e-01 6.666667e-01 6.666667e-01 6.666667e-01 6.666667e-01 6.666667e-01 6.666667e-01 6.666667e-01 6.666667e-01 -6.666667e-01 -6.666667e-01 -6.666667e-01 -6.666667e-01 -6.666667e-01 -6.666667e-01 -2 -2 6.666667e-01 6.666667e-01 6.666667e-01 6.666667e-01 -6.666667e-01 -6.666667e-01 -9.240000e-01 9.290000e-01 -9.240000e-01 9.290000e-01 9.290000e-01 -9.240000e-01 1.115060e-02
174 1.333333e+00 1.333333e+00 1.333333e+00 1.333333e+00 1.333333e+00 1.333333e+00 1.333333e+00 1.333333e+00 1.333333e+00 1.333333e+00 -1.333333e+00 -1.333333e+00 -1.333333e+00 -1.333333e+00 -1.333333e+00 -1.333333e+00 -2 -2 1.333333e+00 1.333333e+00 1.333333e+00 1.333333e+00 -1.333333e+00 -1.333333e+00 -9.240000e-01 9.290000e-01 -9.240000e-01 9.290000e-01 9.290000e-01 -9.240000e-01 1.433140e-03
175 2 2 2 2 2 2 2 2 2 2 -2 -2 -2 -2 -2 -2 -2 -2 2 2 2 2 -2 -2 -9.240000e-01 9.290000e-01 -9.240000e-01 9.290000e-01 9.290000e-01 -9.240000e-01 9.898748e-04
176 2 2 2 2 2 2 2 2 2 2 -2 -2 -2 -2 -2 -2 -2 -2 2 2 2 2 -2 -2 -9.240000e-01 9.290000e-01 -9.240000e-01 9.290000e-01 9.290000e-01 -9.240000e-01 9.898844e-04
177 2 2 2 2 2 2 2 2 2 2 -2 -2 -2 -2 -2 -2 -1.333333e+00 -1.333333e+00 2 2 2 2 -2 -2 -9.240000e-01 9.290000e-01 -9.240000e-01 9.290000e-01 9.290000e-01 -9.240000e-01 9.529039e-04
178 2 2 2 2 2 2 2 2 2 2 -2 -2 -2 -2 -2 -2 -6.666667e-01 -6.666667e-01 2 2 2 2 -2 -2 -9.240000e-01 9.290000e-01 -9.240000e-01 9.290000e-01 9.290000e-01 -9.240000e-01 1.255935e-03
179 2 2 2 2 2 2 2 2 2 2 -2 -2 -2 -2 -2 -2 0 0 2 2 2 2 -2 -2 -9.240000e-01 9.290000e-01 -9.240000e-01 9.290000e-01 9.290000e-01 -9.240000e-01 1.574671e-03
180 2 2 2 2 2 2 2 2 2 2 -2 -2 -2 -2 -2 -2 6.666667e-01 6.666667e-01 2 2 2 2 -2 -2 -9.240000e-01 9.290000e-01 -9.240000e-01 9.290000e-01 9.290000e-01 -9.240000e-01 1.660035e-03
181 2 2 2 2 2 2 2 2 2 2 -2 -2 -2 -2 -2 -2 1.333333e+00 1.333333e+00 2 2 2 2 -2 -2 -9.240000e-01 9.290000e-01 -9.240000e-01 9.290000e-01 9.290000e-01 -9.240000e-01 1.614453e-03
182 2 2 2 2 2 2 2 2 2 2 -2 -2 -2 -2 -2 -2 2 2 2 2 2 2 -2 -2 -9.240000e-01 9.290000e-01 -9.240000e-01 9.290000e-01 9.290000e-01 -9.240000e-01 1.664481e-03
183 2 2 2 2 2 2 2 2 2 2 -2 -2 -2 -2 -2 -2 2 2 2 2 2 2 -2 -2 -9.240000e-01 9.290000e-01 -9.240000e-01 9.290000e-01 9.290000e-01 -9.240000e-01 1.664487e-03
184 1.333333e+00 1.333333e+00 1.333333e+00 1.333333e+00 1.333333e+00 1.333333e+00 1.333333e+00 1.333333e+00 1.333333e+00 1.333333e+00 -1.333333e+00 -1.333333e+00 -1.333333e+00 -1.333333e+00 -1.333333e+00 -1.333333e+00 2 2 1.333333e+00 1.333333e+00 1.333333e+00 1.333333e+00 -1.333333e+00 -1.333333e+00 -9.240000e-01 9.290000e-01 -9.240000e-01 9.290000e-01 9.290000e-01 -9.240000e-01 1.910408e-03
185 6.666667e-01 6.666667e-01 6.666667e-01 6.666667e-01 6.666667e-01 6.666667e-01 6.666667e-01 6.666667e-01 6.666667e-01 6.666667e-01 -6.666667e-01 -6.666667e-01 -6.666667e-01 -6.666667e-01 -6.666667e-01 -6.666667e-01 2 2 6.666667e-01 6.666667e-01 6.666667e-01 6.666667e-01 -6.666667e-01 -6.666667e-01 -9.240000e-01 9.290000e-01 -9.240000e-01 9.290000e-01 9.290000e-01 -9.240000e-01 1.197239e-02
186 0 0 0 0 0 0 0 0 0 0 0 0 0 0 0 0 2 2 0 0 0 0 0 0 -9.240000e-01 9.290000e-01 -9.240000e-01 9.290000e-01 9.290000e-01 -9.240000e-01 1.746156e-01
187 -6.666667e-01 -6.666667e-01 -6.666667e-01 -6.666667e-01 -6.666667e-01 -6.666667e-01 -6.666667e-01 -6.666667e-01 -6.666667e-01 -6.666667e-01 6.666667e-01 6.666667e-01 6.666667e-01 6.666667e-01 6.666667e-01 6.666667e-01 2 2 -6.666667e-01 -6.666667e-01 -6.666667e-01 -6.666667e-01 6.666667e-01 6.666667e-01 -9.240000e-01 9.290000e-01 -9.240000e-01 9.290000e-01 9.290000e-01 -9.240000e-01 1.519562e-01
188 -1.333333e+00 -1.333333e+00 -1.333333e+00 -1.333333e+00 -1.333333e+00 -1.333333e+00 -1.333333e+00 -1.333333e+00 -1.333333e+00 -1.333333e+00 1.333333e+00 1.333333e+00 1.333333e+00 1.333333e+00 1.333333e+00 1.333333e+00 2 2 -1.333333e+00 -1.333333e+00 -1.333333e+00 -1.333333e+00 1.333333e+00 1.333333e+00 -9.240000e-01 9.290000e-01 -9.240000e-01 9.290000e-01 9.290000e-01 -9.240000e-01 9.234536e-02
189 -2 -2 -2 -2 -2 -2 -2 -2 -2 -2 2 2 2 2 2 2 2 2 -2 -2 -2 -2 2 2 -9.240000e-01 9.290000e-01 -9.240000e-01 9.290000e-01 9.290000e-01 -9.240000e-01 9.442512e-02
190 -2 -2 -2 -2 -2 -2 -2 -2 -2 -2 2 2 2 2 2 2 2 2 -2 -2 -2 -2 2 2 -9.240000e-01 9.290000e-01 -9.240000e-01 9.290000e-01 9.290000e-01 -9.240000e-01 9.442526e-02
191 -2 -2 -2 -2 -2 -2 -2 -2 -2 -2 2 2 2 2 2 2 1.333333e+00 1.333333e+00 -2 -2 -2 -2 2 2 -9.240000e-01 9.290000e-01 -9.240000e-01 9.290000e-01 9.290000e-01 -9.240000e-01 9.442484e-02
192 -2 -2 -2 -2 -2 -2 -2 -2 -2 -2 2 2 2 2 2 2 6.666667e-01 6.666667e-01 -2 -2 -2 -2 2 2 -9.240000e-01 9.290000e-01 -9.240000e-01 9.290000e-01 9.290000e-01 -9.240000e-01 9.442374e-02
193 -2 -2 -2 -2 -2 -2 -2 -2 -2 -2 2 2 2 2 2 2 0 0 -2 -2 -2 -2 2 2 -9.240000e-01 9.290000e-01 -9.240000e-01 9.290000e-01 9.290000e-01 -9.240000e-01 9.442293e-02
194 -2 -2 -2 -2 -2 -2 -2 -2 -2 -2 2 2 2 2 2 2 -6.666667e-01 -6.666667e-01 -2 -2 -2 -2 2 2 -9.240000e-01 9.290000e-01 -9.240000e-01 9.290000e-01 9.290000e-01 -9.240000e-01 9.441875e-02
195 -2 -2 -2 -2 -2 -2 -2 -2 -2 -2 2 2 2 2 2 2 -1.333333e+00 -1.333333e+00 -2 -2 -2 -2 2 2 -9.240000e-01 9.290000e-01 -9.240000e-01 9.290000e-01 9.290000e-01 -9.240000e-01 9.444555e-02
196 -2 -2 -2 -2 -2 -2 -2 -2 -2 -2 2 2 2 2 2 2 -2 -2 -2 -2 -2 -2 2 2 -9.240000e-01 9.290000e-01 -9.240000e-01 9.290000e-01 9.290000e-01 -9.240000e-01 9.443151e-02
197 -2 -2 -2 -2 -2 -2 -2 -2 -2 -2 2 2 2 2 2 2 -2 -2 -2 -2 -2 -2 2 2 -9.240000e-01 9.290000e-01 -9.240000e-01 9.290000e-01 -9.240000e-01 9.290000e-01 9.443134e-02
198 -1.333333e+00 -1.333333e+00 -1.333333e+00 -1.333333e+00 -1.333333e+00 -1.333333e+00 -1.333333e+00 -1.333333e+00 -1.333333e+00 -1.333333e+00 1.333333e+00 1.333333e+00 1.333333e+00 1.333333e+00 1.333333e+00 1.333333e+00 -2 -2 -1.333333e+00 -1.333333e+00 -1.333333e+00 -1.333333e+00 1.333333e+00 1.333333e+00 -9.240000e-01 9.290000e-01 -9.240000e-01 9.290000e-01 -9.240000e-01 9.290000e-01 9.200574e-02
199 -6.666667e-01 -6.666667e-01 -6.666667e-01 -6.666667e-01 -6.666667e-01 -6.666667e-01 -6.666667e-01 -6.666667e-01 -6.666667e-01 -6.666667e-01 6.666667e-01 6.666667e-01 6.666667e-01 6.666667e-01 6.666667e-01 6.666667e-01 -2 -2 -6.666667e-01 -6.666667e-01 -6.666667e-01 -6.666667e-01 6.666667e-01 6.666667e-01 -9.240000e-01 9.290000e-01 -9.240000e-01 9.290000e-01 -9.240000e-01 9.290000e-01 1.523202e-01
200 0 0 0 0 0 0 0 0 0 0 0 0 0 0 0 0 -2 -2 0 0 0 0 0 0 -9.240000e-01 9.290000e-01 -9.240000e-01 9.290000e-01 -9.240000e-01 9.290000e-01 1.743646e-01
201 6.666667e-01 6.666667e-01 6.666667e-01 6.666667e-01 6.666667e-01 6.666667e-01 6.666667e-01 6.666667e-01 6.666667e-01 6.666667e-01 -6.666667e-01 -6.666667e-01 -6.666667e-01 -6.666667e-01 -6.666667e-01 -6.666667e-01 -2 -2 6.666667e-01 6.666667e-01 6.666667e-01 6.666667e-01 -6.666667e-01 -6.666667e-01 -9.240000e-01 9.290000e-01 -9.240000e-01 9.290000e-01 -9.240000e-01 9.290000e-01 -8.336028e-03
202 1.333333e+00 1.333333e+00 1.333333e+00 1.333333e+00 1.333333e+00 1.333333e+00 1.333333e+00 1.333333e+00 1.333333e+00 1.333333e+00 -1.333333e+00 -1.333333e+00 -1.333333e+00 -1.333333e+00 -1.333333e+00 -1.333333e+00 -2 -2 1.333333e+00 1.333333e+00 1.333333e+00 1.333333e+00 -1.333333e+00 -1.333333e+00 -9.240000e-01 9.290000e-01 -9.240000e-01 9.290000e-01 -9.240000e-01 9.290000e-01 2.417926e-03
203 2 2 2 2 2 2 2 2 2 2 -2 -2 -2 -2 -2 -2 -2 -2 2 2 2 2 -2 -2 -9.240000e-01 9.290000e-01 -9.240000e-01 9.290000e-01 -9.240000e-01 9.290000e-01 1.921098e-03
204 2 2 2 2 2 2 2 2 2 2 -2 -2 -2 -2 -2 -2 -2 -2 2 2 2 2 -2 -2 -9.240000e-01 9.290000e-01 -9.240000e-01 9.290000e-01 -9.240000e-01 9.290000e-01 1.921096e-03
205 2 2 2 2 2 2 2 2 2 2 -2 -2 -2 -2 -2 -2 -1.333333e+00 -1.333333e+00 2 2 2 2 -2 -2 -9.240000e-01 9.290000e-01 -9.240000e-01 9.290000e-01 -9.240000e-01 9.290000e-01 2.121013e-03
206 2 2 2 2 2 2 2 2 2 2 -2 -2 -2 -2 -2 -2 -6.666667e-01 -6.666667e-01 2 2 2 2 -2 -2 -9.240000e-01 9.290000e-01 -9.240000e-01 9.290000e-01 -9.240000e-01 9.290000e-01 2.382030e-03
207 2 2 2 2 2 2 2 2 2 2 -2 -2 -2 -2 -2 -2 0 0 2 2 2 2 -2 -2 -9.240000e-01 9.290000e-01 -9.240000e-01 9.290000e-01 -9.240000e-01 9.290000e-01 2.584087e-03
208 2 2 2 2 2 2 2 2 2 2 -2 -2 -2 -2 -2 -2 6.666667e-01 6.666667e-01 2 2 2 2 -2 -2 -9.240000e-01 9.290000e-01 -9.240000e-01 9.290000e-01 -9.240000e-01 9.290000e-01 2.604547e-03
209 2 2 2 2 2 2 2 2 2 2 -2 -2 -2 -2 -2 -2 1.333333e+00 1.333333e+00 2 2 2 2 -2 -2 -9.240000e-01 9.290000e-01 -9.240000e-01 9.290000e-01 -9.240000e-01 9.290000e-01 2.623135e-03
210 2 2 2 2 2 2 2 2 2 2 -2 -2 -2 -2 -2 -2 2 2 2 2 2 2 -2 -2 -9.240000e-01 9.290000e-01 -9.240000e-01 9.290000e-01 -9.240000e-01 9.290000e-01 2.640075e-03
211 2 2 2 2 2 2 2 2 2 2 -2 -2 -2 -2 -2 -2 2 2 2 2 2 2 -2 -2 -9.240000e-01 9.290000e-01 -9.240000e-01 9.290000e-01 -9.240000e-01 9.290000e-01 2.640075e-03
212 1.333333e+00 1.333333e+00 1.333333e+00 1.333333e+00 1.333333e+00 1.333333e+00 1.333333e+00 1.333333e+00 1.333333e+00 1.333333e+00 -1.333333e+00 -1.333333e+00 -1.333333e+00 -1.333333e+00 -1.333333e+00 -1.333333e+00 2 2 1.333333e+00 1.333333e+00 1.333333e+00 1.333333e+00 -1.333333e+00 -1.333333e+00 -9.240000e-01 9.290000e-01 -9.240000e-01 9.290000e-01 -9.240000e-01 9.290000e-01 2.760401e-03
213 6.666667e-01 6.666667e-01 6.666667e-01 6.666667e-01 6.666667e-01 6.666667e-01 6.666667e-01 6.666667e-01 6.666667e-01 6.666667e-01 -6.666667e-01 -6.666667e-01 -6.666667e-01 -6.666667e-01 -6.666667e-01 -6.666667e-01 2 2 6.666667e-01 6.666667e-01 6.666667e-01 6.666667e-01 -6.666667e-01 -6.666667e-01 -9.240000e-01 9.290000e-01 -9.240000e-01 9.290000e-01 -9.240000e-01 9.290000e-01 1.259888e-02
214 0 0 0 0 0 0 0 0 0 0 0 0 0 0 0 0 2 2 0 0 0 0 0 0 -9.240000e-01 9.290000e-01 -9.240000e-01 9.290000e-01 -9.240000e-01 9.290000e-01 1.742024e-01
215 -6.666667e-01 -6.666667e-01 -6.666667e-01 -6.666667e-01 -6.666667e-01 -6.666667e-01 -6.666667e-01 -6.666667e-01 -6.666667e-01 -6.666667e-01 6.666667e-01 6.666667e-01 6.666667e-01 6.666667e-01 6.666667e-01 6.666667e-01 2 2 -6.666667e-01 -6.666667e-01 -6.666667e-01 -6.666667e-01 6.666667e-01 6.666667e-01 -9.240000e-01 9.290000e-01 -9.240000e-01 9.290000e-01 -9.240000e-01 9.290000e-01 1.523590e-01
216 -1.333333e+00 -1.333333e+00 -1.333333e+00 -1.333333e+00 -1.333333e+00 -1.333333e+00 -1.333333e+00 -1.333333e+00 -1.333333e+00 -1.333333e+00 1.333333e+00 1.333333e+00 1.333333e+00 1.333333e+00 1.333333e+00 1.333333e+00 2 2 -1.333333e+00 -1.333333e+00 -1.333333e+00 -1.333333e+00 1.333333e+00 1.333333e+00 -9.240000e-01 9.290000e-01 -9.240000e-01 9.290000e-01 -9.240000e-01 9.290000e-01 1.000942e-01
217 -2 -2 -2 -2 -2 -2 -2 -2 -2 -2 2 2 2 2 2 2 2 2 -2 -2 -2 -2 2 2 -9.240000e-01 9.290000e-01 -9.240000e-01 9.290000e-01 -9.240000e-01 9.290000e-01 9.444072e-02
218 -2 -2 -2 -2 -2 -2 -2 -2 -2 -2 2 2 2 2 2 2 2 2 -2 -2 -2 -2 2 2 -9.240000e-01 9.290000e-01 -9.240000e-01 9.290000e-01 -9.240000e-01 9.290000e-01 9.444087e-02
219 -2 -2 -2 -2 -2 -2 -2 -2 -2 -2 2 2 2 2 2 2 1.333333e+00 1.333333e+00 -2 -2 -2 -2 2 2 -9.240000e-01 9.290000e-01 -9.240000e-01 9.290000e-01 -9.240000e-01 9.290000e-01 9.444093e-02
220 -2 -2 -2 -2 -2 -2 -2 -2 -2 -2 2 2 2 2 2 2 6.666667e-01 6.666667e-01 -2 -2 -2 -2 2 2 -9.240000e-01 9.290000e-01 -9.240000e-01 9.290000e-01 -9.240000e-01 9.290000e-01 9.443967e-02
221 -2 -2 -2 -2 -2 -2 -2 -2 -2 -2 2 2 2 2 2 2 0 0 -2 -2 -2 -2 2 2 -9.240000e-01 9.290000e-01 -9.240000e-01 9.290000e-01 -9.240000e-01 9.290000e-01 9.443867e-02
222 -2 -2 -2 -2 -2 -2 -2 -2 -2 -2 2 2 2 2 2 2 -6.666667e-01 -6.666667e-01 -2 -2 -2 -2 2 2 -9.240000e-01 9.290000e-01 -9.240000e-01 9.290000e-01 -9.240000e-01 9.290000e-01 9.443464e-02
223 -2 -2 -2 -2 -2 -2 -2 -2 -2 -2 2 2 2 2 2 2 -1.333333e+00 -1.333333e+00 -2 -2 -2 -2 2 2 -9.240000e-01 9.290000e-01 -9.240000e-01 9.290000e-01 -9.240000e-01 9.290000e-01 9.445809e-02
224 -2 -2 -2 -2 -2 -2 -2 -2 -2 -2 2 2 2 2 2 2 -2 -2 -2 -2 -2 -2 2 2 -9.240000e-01 9.290000e-01 -9.240000e-01 9.290000e-01 -9.240000e-01 9.290000e-01 9.443135e-02
225 -2 -2 -2 -2 -2 -2 -2 -2 -2 -2 2 2 2 2 2 2 -2 -2 -2 -2 -2 -2 2 2 9.290000e-01 -9.240000e-01 9.290000e-01 -9.240000e-01 9.290000e-01 -9.240000e-01 9.431853e-02
226 -1.333333e+00 -1.333333e+00 -1.333333e+00 -1.333333e+00 -1.333333e+00 -1.333333e+00 -1.333333e+00 -1.333333e+00 -1.333333e+00 -1.333333e+00 1.333333e+00 1.333333e+00 1.333333e+00 1.333333e+00 1.333333e+00 1.333333e+00 -2 -2 -1.333333e+00 -1.333333e+00 -1.333333e+00 -1.333333e+00 1.333333e+00 1.333333e+00 9.290000e-01 -9.240000e-01 9.290000e-01 -9.240000e-01 9.290000e-01 -9.240000e-01 9.184830e-02
227 -6.666667e-01 -6.666667e-01 -6.666667e-01 -6.666667e-01 -6.666667e-01 -6.666667e-01 -6.666667e-01 -6.666667e-01 -6.666667e-01 -6.666667e-01 6.666667e-01 6.666667e-01 6.666667e-01 6.666667e-01 6.666667e-01 6.666667e-01 -2 -2 -6.666667e-01 -6.666667e-01 -6.666667e-01 -6.666667e-01 6.666667e-01 6.666667e-01 9.290000e-01 -9.240000e-01 9.290000e-01 -9.240000e-01 9.290000e-01 -9.240000e-01 1.514409e-01
228 0 0 0 0 0 0 0 0 0 0 0 0 0 0 0 0 -2 -2 0 0 0 0 0 0 9.290000e-01 -9.240000e-01 9.290000e-01 -9.240000e-01 9.290000e-01 -9.240000e-01 1.729075e-01
229 6.666667e-01 6.666667e-01 6.666667e-01 6.666667e-01 6.666667e-01 6.666667e-01 6.666667e-01 6.666667e-01 6.666667e-01 6.666667e-01 -6.666667e-01 -6.666667e-01 -6.666667e-01 -6.666667e-01 -6.666667e-01 -6.666667e-01 -2 -2 6.666667e-01 6.666667e-01 6.666667e-01 6.666667e-01 -6.666667e-01 -6.666667e-01 9.290000e-01 -9.240000e-01 9.290000e-01 -9.240000e-01 9.290000e-01 -9.240000e-01 1.019456e-02
230 1.333333e+00 1.333333e+00 1.333333e+00 1.333333e+00 1.333333e+00 1.333333e+00 1.333333e+00 1.333333e+00 1.333333e+00 1.333333e+00 -1.333333e+00 -1.333333e+00 -1.333333e+00 -1.333333e+00 -1.333333e+00 -1.333333e+00 -2 -2 1.333333e+00 1.333333e+00 1.333333e+00 1.333333e+00 -1.333333e+00 -1.333333e+00 9.290000e-01 -9.240000e-01 9.290000e-01 -9.240000e-01 9.290000e-01 -9.240000e-01 2.498864e-04
231 2 2 2 2 2 2 2 2 2 2 -2 -2 -2 -2 -2 -2 -2 -2 2 2 2 2 -2 -2 9.290000e-01 -9.240000e-01 9.290000e-01 -9.240000e-01 9.290000e-01 -9.240000e-01 -1.093841e-04
232 2 2 2 2 2 2 2 2 2 2 -2 -2 -2 -2 -2 -2 -2 -2 2 2 2 2 -2 -2 9.290000e-01 -9.240000e-01 9.290000e-01 -9.240000e-01 9.290000e-01 -9.240000e-01 -1.093858e-04
233 2 2 2 2 2 2 2 2 2 2 -2 -2 -2 -2 -2 -2 -1.333333e+00 -1.333333e+00 2 2 2 2 -2 -2 9.290000e-01 -9.240000e-01 9.290000e-01 -9.240000e-01 9.290000e-01 -9.240000e-01 -1.949583e-04
234 2 2 2 2 2 2 2 2 2 2 -2 -2 -2 -2 -2 -2 -6.666667e-01 -6.666667e-01 2 2 2 2 -2 -2 9.290000e-01 -9.240000e-01 9.290000e-01 -9.240000e-01 9.290000e-01 -9.240000e-01 -7.042702e-04
235 2 2 2 2 2 2 2 2 2 2 -2 -2 -2 -2 -2 -2 0 0 2 2 2 2 -2 -2 9.290000e-01 -9.240000e-01 9.290000e-01 -9.240000e-01 9.290000e-01 -9.240000e-01 -8.523762e-04
236 2 2 2 2 2 2 2 2 2 2 -2 -2 -2 -2 -2 -2 6.666667e-01 6.666667e-01 2 2 2 2 -2 -2 9.290000e-01 -9.240000e-01 9.290000e-01 -9.240000e-01 9.290000e-01 -9.240000e-01 -1.139469e-03
237 2 2 2 2 2 2 2 2 2 2 -2 -2 -2 -2 -2 -2 1.333333e+00 1.333333e+00 2 2 2 2 -2 -2 9.290000e-01 -9.240000e-01 9.290000e-01 -9.240000e-01 9.290000e-01 -9.240000e-01 -1.221285e-03
238 2 2 2 2 2 2 2 2 2 2 -2 -2 -2 -2 -2 -2 2 2 2 2 2 2 -2 -2 9.290000e-01 -9.240000e-01 9.290000e-01 -9.240000e-01 9.290000e-01 -9.240000e-01 -1.242815e-03
239 2 2 2 2 2 2 2 2 2 2 -2 -2 -2 -2 -2 -2 2 2 2 2 2 2 -2 -2 9.290000e-01 -9.240000e-01 9.290000e-01 -9.240000e-01 9.290000e-01 -9.240000e-01 -1.242816e-03
240 1.333333e+00 1.333333e+00 1.333333e+00 1.333333e+00 1.333333e+00 1.333333e+00 1.333333e+00 1.333333e+00 1.333333e+00 1.333333e+00 -1.333333e+00 -1.333333e+00 -1.333333e+00 -1.333333e+00 -1.333333e+00 -1.333333e+00 2 2 1.333333e+00 1.333333e+00 1.333333e+00 1.333333e+00 -1.333333e+00 -1.333333e+00 9.290000e-01 -9.240000e-01 9.290000e-01 -9.240000e-01 9.290000e-01 -9.240000e-01 -1.850332e-04
241 6.666667e-01 6.666667e-01 6.666667e-01 6.666667e-01 6.666667e-01 6.666667e-01 6.666667e-01 6.666667e-01 6.666667e-01 6.666667e-01 -6.666667e-01 -6.666667e-01 -6.666667e-01 -6.666667e-01 -6.666667e-01 -6.666667e-01 2 2 6.666667e-01 6.666667e-01 6.666667e-01 6.666667e-01 -6.666667e-01 -6.666667e-01 9.290000e-01 -9.240000e-01 9.290000e-01 -9.240000e-01 9.290000e-01 -9.240000e-01 -1.085388e-02
242 0 0 0 0 0 0 0 0 0 0 0 0 0 0 0 0 2 2 0 0 0 0 0 0 9.290000e-01 -9.240000e-01 9.290000e-01 -9.240000e-01 9.290000e-01 -9.240000e-01 -8.570759e-02
243 -6.666667e-01 -6.666667e-01 -6.666667e-01 -6.666667e-01 -6.666667e-01 -6.666667e-01 -6.666667e-01 -6.666667e-01 -6.666667e-01 -6.666667e-01 6.666667e-01 6.666667e-01 6.666667e-01 6.666667e-01 6.666667e-01 6.666667e-01 2 2 -6.666667e-01 -6.666667e-01 -6.666667e-01 -6.666667e-01 6.666667e-01 6.666667e-01 9.290000e-01 -9.240000e-01 9.290000e-01 -9.240000e-01 9.290000e-01 -9.240000e-01 -6.969578e-02
244 -1.333333e+00 -1.333333e+00 -1.333333e+00 -1.333333e+00 -1.333333e+00 -1.333333e+00 -1.333333e+00 -1.333333e+00 -1.333333e+00 -1.333333e+00 1.333333e+00 1.333333e+00 1.333333e+00 1.333333e+00 1.333333e+00 1.333333e+00 2 2 -1.333333e+00 -1.333333e+00 -1.333333e+00 -1.333333e+00 1.333333e+00 1.333333e+00 9.290000e-01 -9.240000e-01 9.290000e-01 -9.240000e-01 9.290000e-01 -9.240000e-01 -5.766974e-02
245 -2 -2 -2 -2 -2 -2 -2 -2 -2 -2 2 2 2 2 2 2 2 2 -2 -2 -2 -2 2 2 9.290000e-01 -9.240000e-01 9.290000e-01 -9.240000e-01 9.290000e-01 -9.240000e-01 -5.990453e-02
246 -2 -2 -2 -2 -2 -2 -2 -2 -2 -2 2 2 2 2 2 2 2 2 -2 -2 -2 -2 2 2 9.290000e-01 -9.240000e-01 9.290000e-01 -9.240000e-01 9.290000e-01 -9.240000e-01 -5.990926e-02
247 -2 -2 -2 -2 -2 -2 -2 -2 -2 -2 2 2 2 2 2 2 1.333333e+00 1.333333e+00 -2 -2 -2 -2 2 2 9.290000e-01 -9.240000e-01 9.290000e-01 -9.240000e-01 9.290000e-01 -9.240000e-01 -5.994331e-02
248 -2 -2 -2 -2 -2 -2 -2 -2 -2 -2 2 2 2 2 2 2 6.666667e-01 6.666667e-01 -2 -2 -2 -2 2 2 9.290000e-01 -9.240000e-01 9.290000e-01 -9.240000e-01 9.290000e-01 -9.240000e-01 -5.995043e-02
249 -2 -2 -2 -2 -2 -2 -2 -2 -2 -2 2 2 2 2 2 2 0 0 -2 -2 -2 -2 2 2 9.290000e-01 -9.240000e-01 9.290000e-01 -9.240000e-01 9.290000e-01 -9.240000e-01 -5.995470e-02
250 -2 -2 -2 -2 -2 -2 -2 -2 -2 -2 2 2 2 2 2 2 -6.666667e-01 -6.666667e-01 -2 -2 -2 -2 2 2 9.290000e-01 -9.240000e-01 9.290000e-01 -9.240000e-01 9.290000e-01 -9.240000e-01 -5.998212e-02
251 -2 -2 -2 -2 -2 -2 -2 -2 -2 -2 2 2 2 2 2 2 -1.333333e+00 -1.333333e+00 -2 -2 -2 -2 2 2 9.290000e-01 -9.240000e-01 9.290000e-01 -9.240000e-01 9.290000e-01 -9.240000e-01 -6.004804e-02
252 -2 -2 -2 -2 -2 -2 -2 -2 -2 -2 2 2 2 2 2 2 -2 -2 -2 -2 -2 -2 2 2 9.290000e-01 -9.240000e-01 9.290000e-01 -9.240000e-01 9.290000e-01 -9.240000e-01 -6.000445e-02
253 -2 -2 -2 -2 -2 -2 -2 -2 -2 -2 2 2 2 2 2 2 -2 -2 -2 -2 -2 -2 2 2 9.290000e-01 -9.240000e-01 9.290000e-01 -9.240000e-01 9.290000e-01 -9.240000e-01 -6.000135e-02
254 -1.333333e+00 -1.333333e+00 -1.333333e+00 -1.333333e+00 -1.333333e+00 -1.333333e+00 -1.333333e+00 -1.333333e+00 -1.333333e+00 -1.333333e+00 1.333333e+00 1.333333e+00 1.333333e+00 1.333333e+00 1.333333e+00 1.333333e+00 -2 -2 -1.333333e+00 -1.333333e+00 -1.333333e+00 -1.333333e+00 1.333333e+00 1.333333e+00 9.290000e-01 -9.240000e-01 9.290000e-01 -9.240000e-01 9.290000e-01 -9.240000e-01 -5.450952e-02
255 -6.666667e-01 -6.666667e-01 -6.666667e-01 -6.666667e-01 -6.666667e-01 -6.666667e-01 -6.666667e-01 -6.666667e-01 -6.666667e-01 -6.666667e-01 6.666667e-01 6.666667e-01 6.666667e-01 6.666667e-01 6.666667e-01 6.666667e-01 -2 -2 -6.666667e-01 -6.666667e-01 -6.666667e-01 -6.666667e-01 6.666667e-01 6.666667e-01 9.290000e-01 -9.240000e-01 9.290000e-01 -9.240000e-01 9.290000e-01 -9.240000e-01 -6.954462e-02
256 0 0 0 0 0 0 0 0 0 0 0 0 0 0 0 0 -2 -2 0 0 0 0 0 0 9.290000e-01 -9.240000e-01 9.290000e-01 -9.240000e-01 9.290000e-01 -9.240000e-01 -8.487429e-02
257 6.666667e-01 6.666667e-01 6.666667e-01 6.666667e-01 6.666667e-01 6.666667e-01 6.666667e-01 6.666667e-01 6.666667e-01 6.666667e-01 -6.666667e-01 -6.666667e-01 -6.666667e-01 -6.666667e-01 -6.666667e-01 -6.666667e-01 -2 -2 6.666667e-01 6.666667e-01 6.666667e-01 6.666667e-01 -6.666667e-01 -6.666667e-01 9.290000e-01 -9.240000e-01 9.290000e-01 -9.240000e-01 9.290000e-01 -9.240000e-01 1.019439e-02
258 1.333333e+00 1.333333e+00 1.333333e+00 1.333333e+00 1.333333e+00 1.333333e+00 1.333333e+00 1.333333e+00 1.333333e+00 1.333333e+00 -1.333333e+00 -1.333333e+00 -1.333333e+00 -1.333333e+00 -1.333333e+00 -1.333333e+00 -2 -2 1.333333e+00 1.333333e+00 1.333333e+00 1.333333e+00 -1.333333e+00 -1.333333e+00 9.290000e-01 -9.240000e-01 9.290000e-01 -9.240000e-01 9.290000e-01 -9.240000e-01 2.498864e-04
259 2 2 2 2 2 2 2 2 2 2 -2 -2 -2 -2 -2 -2 -2 -2 2 2 2 2 -2 -2 9.290000e-01 -9.240000e-01 9.290000e-01 -9.240000e-01 9.290000e-01 -9.240000e-01 -1.093841e-04
260 2 2 2 2 2 2 2 2 2 2 -2 -2 -2 -2 -2 -2 -2 -2 2 2 2 2 -2 -2 9.290000e-01 -9.240000e-01 9.290000e-01 -9.240000e-01 9.290000e-01 -9.240000e-01 -1.093858e-04
261 2 2 2 2 2 2 2 2 2 2 -2 -2 -2 -2 -2 -2 -1.333333e+00 -1.333333e+00 2 2 2 2 -2 -2 9.290000e-01 -9.240000e-01 9.290000e-01 -9.240000e-01 9.290000e-01 -9.240000e-01 -1.949583e-04
262 2 2 2 2 2 2 2 2 2 2 -2 -2 -2 -2 -2 -2 -6.666667e-01 -6.666667e-01 2 2 2 2 -2 -2 9.290000e-01 -9.240000e-01 9.290000e-01 -9.240000e-01 9.290000e-01 -9.240000e-01 -7.042702e-04
263 2 2 2 2 2 2 2 2 2 2 -2 -2 -2 -2 -2 -2 0 0 2 2 2 2 -2 -2 9.290000e-01 -9.240000e-01 9.290000e-01 -9.240000e-01 9.290000e-01 -9.240000e-01 -8.523762e-04
264 2 2 2 2 2 2 2 2 2 2 -2 -2 -2 -2 -2 -2 6.666667e-01 6.666667e-01 2 2 2 2 -2 -2 9.290000e-01 -9.240000e-01 9.290000e-01 -9.240000e-01 9.290000e-01 -9.240000e-01 -1.139469e-03
265 2 2 2 2 2 2 2 2 2 2 -2 -2 -2 -2 -2 -2 1.333333e+00 1.333333e+00 2 2 2 2 -2 -2 9.290000e-01 -9.240000e-01 9.290000e-01 -9.240000e-01 9.290000e-01 -9.240000e-01 -1.221285e-03
266 2 2 2 2 2 2 2 2 2 2 -2 -2 -2 -2 -2 -2 2 2 2 2 2 2 -2 -2 9.290000e-01 -9.240000e-01 9.290000e-01 -9.240000e-01 9.290000e-01 -9.240000e-01 -1.242815e-03
267 2 2 2 2 2 2 2 2 2 2 -2 -2 -2 -2 -2 -2 2 2 2 2 2 2 -2 -2 9.290000e-01 -9.240000e-01 9.290000e-01 -9.240000e-01 9.290000e-01 -9.240000e-01 -1.242816e-03
268 1.333333e+00 1.333333e+00 1.333333e+00 1.333333e+00 1.333333e+00 1.333333e+00 1.333333e+00 1.333333e+00 1.333333e+00 1.333333e+00 -1.333333e+00 -1.333333e+00 -1.333333e+00 -1.333333e+00 -1.333333e+00 -1.333333e+00 2 2 1.333333e+00 1.333333e+00 1.333333e+00 1.333333e+00 -1.333333e+00 -1.333333e+00 9.290000e-01 -9.240000e-01 9.290000e-01 -9.240000e-01 9.290000e-01 -9.240000e-01 -1.850332e-04
269 6.666667e-01 6.666667e-01 6.666667e-01 6.666667e-01 6.666667e-01 6.666667e-01 6.666667e-01 6.666667e-01 6.666667e-01 6.666667e-01 -6.666667e-01 -6.666667e-01 -6.666667e-01 -6.666667e-01 -6.666667e-01 -6.666667e-01 2 2 6.666667e-01 6.666667e-01 6.666667e-01 6.666667e-01 -6.666667e-01 -6.666667e-01 9.290000e-01 -9.240000e-01 9.290000e-01 -9.240000e-01 9.290000e-01 -9.240000e-01 -1.085388e-02
270 0 0 0 0 0 0 0 0 0 0 0 0 0 0 0 0 2 2 0 0 0 0 0 0 9.290000e-01 -9.240000e-01 9.290000e-01 -9.240000e-01 9.290000e-01 -9.240000e-01 -8.570759e-02
271 -6.666667e-01 -6.666667e-01 -6.666667e-01 -6.666667e-01 -6.666667e-01 -6.666667e-01 -6.666667e-01 -6.666667e-01 -6.666667e-01 -6.666667e-01 6.666667e-01 6.666667e-01 6.666667e-01 6.666667e-01 6.666667e-01 6.666667e-01 2 2 -6.666667e-01 -6.666667e-01 -6.666667e-01 -6.666667e-01 6.666667e-01 6.666667e-01 9.290000e-01 -9.240000e-01 9.290000e-01 -9.240000e-01 9.290000e-01 -9.240000e-01 -6.969578e-02
272 -1.333333e+00 -1.333333e+00 -1.333333e+00 -1.333333e+00 -1.333333e+00 -1.333333e+00 -1.333333e+00 -1.333333e+00 -1.333333e+00 -1.333333e+00 1.333333e+00 1.333333e+00 1.333333e+00 1.333333e+00 1.333333e+00 1.333333e+00 2 2 -1.333333e+00 -1.333333e+00 -1.333333e+00 -1.333333e+00 1.333333e+00 1.333333e+00 9.290000e-01 -9.240000e-01 9.290000e-01 -9.240000e-01 9.290000e-01 -9.240000e-01 -5.766974e-02
273 -2 -2 -2 -2 -2 -2 -2 -2 -2 -2 2 2 2 2 2 2 2 2 -2 -2 -2 -2 2 2 9.290000e-01 -9.240000e-01 9.290000e-01 -9.240000e-01 9.290000e-01 -9.240000e-01 -5.990453e-02
274 -2 -2 -2 -2 -2 -2 -2 -2 -2 -2 2 2 2 2 2 2 2 2 -2 -2 -2 -2 2 2 9.290000e-01 -9.240000e-01 9.290000e-01 -9.240000e-01 9.290000e-01 -9.240000e-01 -5.990926e-02
275 -2 -2 -2 -2 -2 -2 -2 -2 -2 -2 2 2 2 2 2 2 1.333333e+00 1.333333e+00 -2 -2 -2 -2 2 2 9.290000e-01 -9.240000e-01 9.290000e-01 -9.240000e-01 9.290000e-01 -9.240000e-01 -5.994331e-02
276 -2 -2 -2 -2 -2 -2 -2 -2 -2 -2 2 2 2 2 2 2 6.666667e-01 6.666667e-01 -2 -2 -2 -2 2 2 9.290000e-01 -9.240000e-01 9.290000e-01 -9.240000e-01 9.290000e-01 -9.240000e-01 -5.995043e-02
277 -2 -2 -2 -2 -2 -2 -2 -2 -2 -2 2 2 2 2 2 2 0 0 -2 -2 -2 -2 2 2 9.290000e-01 -9.240000e-01 9.290000e-01 -9.240000e-01 9.290000e-01 -9.240000e-01 -5.995470e-02
278 -2 -2 -2 -2 -2 -2 -2 -2 -2 -2 2 2 2 2 2 2 -6.666667e-01 -6.666667e-01 -2 -2 -2 -2 2 2 9.290000e-01 -9.240000e-01 9.290000e-01 -9.240000e-01 9.290000e-01 -9.240000e-01 -5.998212e-02
279 -2 -2 -2 -2 -2 -2 -2 -2 -2 -2 2 2 2 2 2 2 -1.333333e+00 -1.333333e+00 -2 -2 -2 -2 2 2 9.290000e-01 -9.240000e-01 9.290000e-01 -9.240000e-01 9.290000e-01 -9.240000e-01 -6.004804e-02
280 -2 -2 -2 -2 -2 -2 -2 -2 -2 -2 2 2 2 2 2 2 -2 -2 -2 -2 -2 -2 2 2 9.290000e-01 -9.240000e-01 9.290000e-01 -9.240000e-01 9.290000e-01 -9.240000e-01 -6.000445e-02
281 -2 -2 -2 -2 -2 -2 -2 -2 -2 -2 2 2 2 2 2 2 -2 -2 -2 -2 -2 -2 2 2 9.290000e-01 -9.240000e-01 9.290000e-01 -9.240000e-01 9.290000e-01 -9.240000e-01 -6.000135e-02
282 -1.333333e+00 -1.333333e+00 -1.333333e+00 -1.333333e+00 -1.333333e+00 -1.333333e+00 -1.333333e+00 -1.333333e+00 -1.333333e+00 -1.333333e+00 1.333333e+00 1.333333e+00 1.333333e+00 1.333333e+00 1.333333e+00 1.333333e+00 -2 -2 -1.333333e+00 -1.333333e+00 -1.333333e+00 -1.333333e+00 1.333333e+00 1.333333e+00 9.290000e-01 -9.240000e-01 9.290000e-01 -9.240000e-01 9.290000e-01 -9.240000e-01 -5.450952e-02
283 -6.666667e-01 -6.666667e-01 -6.666667e-01 -6.666667e-01 -6.666667e-01 -6.666667e-01 -6.666667e-01 -6.666667e-01 -6.666667e-01 -6.666667e-01 6.666667e-01 6.666667e-01 6.666667e-01 6.666667e-01 6.666667e-01 6.666667e-01 -2 -2 -6.666667e-01 -6.666667e-01 -6.666667e-01 -6.666667e-01 6.666667e-01 6.666667e-01 9.290000e-01 -9.240000e-01 9.290000e-01 -9.240000e-01 9.290000e-01 -9.240000e-01 -6.954462e-02
284 0 0 0 0 0 0 0 0 0 0 0 0 0 0 0 0 -2 -2 0 0 0 0 0 0 9.290000e-01 -9.240000e-01 9.290000e-01 -9.240000e-01 9.290000e-01 -9.240000e-01 -8.487429e-02
285 6.666667e-01 6.666667e-01 6.666667e-01 6.666667e-01 6.666667e-01 6.666667e-01 6.666667e-01 6.666667e-01 6.666667e-01 6.666667e-01 -6.666667e-01 -6.666667e-01 -6.666667e-01 -6.666667e-01 -6.666667e-01 -6.666667e-01 -2 -2 6.666667e-01 6.666667e-01 6.666667e-01 6.666667e-01 -6.666667e-01 -6.666667e-01 9.290000e-01 -9.240000e-01 9.290000e-01 -9.240000e-01 9.290000e-01 -9.240000e-01 1.019439e-02
286 1.333333e+00 1.333333e+00 1.333333e+00 1.333333e+00 1.333333e+00 1.333333e+00 1.333333e+00 1.333333e+00 1.333333e+00 1.333333e+00 -1.333333e+00 -1.333333e+00 -1.333333e+00 -1.333333e+00 -1.333333e+00 -1.333333e+00 -2 -2 1.333333e+00 1.333333e+00 1.333333e+00 1.333333e+00 -1.333333e+00 -1.333333e+00 9.290000e-01 -9.240000e-01 9.290000e-01 -9.240000e-01 9.290000e-01 -9.240000e-01 2.498864e-04
287 2 2 2 2 2 2 2 2 2 2 -2 -2 -2 -2 -2 -2 -2 -2 2 2 2 2 -2 -2 9.290000e-01 -9.240000e-01 9.290000e-01 -9.240000e-01 9.290000e-01 -9.240000e-01 -1.093841e-04
288 2 2 2 2 2 2 2 2 2 2 -2 -2 -2 -2 -2 -2 -2 -2 2 2 2 2 -2 -2 9.290000e-01 -9.240000e-01 9.290000e-01 -9.240000e-01 9.290000e-01 -9.240000e-01 -1.093858e-04
289 2 2 2 2 2 2 2 2 2 2 -2 -2 -2 -2 -2 -2 -1.333333e+00 -1.333333e+00 2 2 2 2 -2 -2 9.290000e-01 -9.240000e-01 9.290000e-01 -9.240000e-01 9.290000e-01 -9.240000e-01 -1.949583e-04
290 2 2 2 2 2 2 2 2 2 2 -2 -2 -2 -2 -2 -2 -6.666667e-01 -6.666667e-01 2 2 2 2 -2 -2 9.290000e-01 -9.240000e-01 9.290000e-01 -9.240000e-01 9.290000e-01 -9.240000e-01 -7.042702e-04
291 2 2 2 2 2 2 2 2 2 2 -2 -2 -2 -2 -2 -2 0 0 2 2 2 2 -2 -2 9.290000e-01 -9.240000e-01 9.290000e-01 -9.240000e-01 9.290000e-01 -9.240000e-01 -8.523762e-04
292 2 2 2 2 2 2 2 2 2 2 -2 -2 -2 -2 -2 -2 6.666667e-01 6.666667e-01 2 2 2 2 -2 -2 9.290000e-01 -9.240000e-01 9.290000e-01 -9.240000e-01 9.290000e-01 -9.240000e-01 -1.139469e-03
293 2 2 2 2 2 2 2 2 2 2 -2 -2 -2 -2 -2 -2 1.333333e+00 1.333333e+00 2 2 2 2 -2 -2 9.290000e-01 -9.240000e-01 9.290000e-01 -9.240000e-01 9.290000e-01 -9.240000e-01 -1.221285e-03
294 2 2 2 2 2 2 2 2 2 2 -2 -2 -2 -2 -2 -2 2 2 2 2 2 2 -2 -2 9.290000e-01 -9.240000e-01 9.290000e-01 -9.240000e-01 9.290000e-01 -9.240000e-01 -1.242815e-03
295 2 2 2 2 2 2 2 2 2 2 -2 -2 -2 -2 -2 -2 2 2 2 2 2 2 -2 -2 9.290000e-01 -9.240000e-01 9.290000e-01 -9.240000e-01 9.290000e-01 -9.240000e-01 -1.242816e-03
296 1.333333e+00 1.333333e+00 1.333333e+00 1.333333e+00 1.333333e+00 1.333333e+00 1.333333e+00 1.333333e+00 1.333333e+00 1.333333e+00 -1.333333e+00 -1.333333e+00 -1.333333e+00 -1.333333e+00 -1.333333e+00 -1.333333e+00 2 2 1.333333e+00 1.333333e+00 1.333333e+00 1.333333e+00 -1.333333e+00 -1.333333e+00 9.290000e-01 -9.240000e-01 9.290000e-01 -9.240000e-01 9.290000e-01 -9.240000e-01 -1.850332e-04
297 6.666667e-01 6.666667e-01 6.666667e-01 6.666667e-01 6.666667e-01 6.666667e-01 6.666667e-01 6.666667e-01 6.666667e-01 6.666667e-01 -6.666667e-01 -6.666667e-01 -6.666667e-01 -6.666667e-01 -6.666667e-01 -6.666667e-01 2 2 6.666667e-01 6.666667e-01 6.666667e-01 6.666667e-01 -6.666667e-01 -6.666667e-01 9.290000e-01 -9.240000e-01 9.290000e-01 -9.240000e-01 9.290000e-01 -9.240000e-01 -1.085388e-02
298 0 0 0 0 0 0 0 0 0 0 0 0 0 0 0 0 2 2 0 0 0 0 0 0 9.290000e-01 -9.240000e-01 9.290000e-01 -9.240000e-01 9.290000e-01 -9.240000e-01 -8.570759e-02
299 -6.666667e-01 -6.666667e-01 -6.666667e-01 -6.666667e-01 -6.666667e-01 -6.666667e-01 -6.666667e-01 -6.666667e-01 -6.666667e-01 -6.666667e-01 6.666667e-01 6.666667e-01 6.666667e-01 6.666667e-01 6.666667e-01 6.666667e-01 2 2 -6.666667e-01 -6.666667e-01 -6.666667e-01 -6.666667e-01 6.666667e-01 6.666667e-01 9.290000e-01 -9.240000e-01 9.290000e-01 -9.240000e-01 9.290000e-01 -9.240000e-01 -6.969578e-02
300 -1.333333e+00 -1.333333e+00 -1.333333e+00 -1.333333e+00 -1.333333e+00 -1.333333e+00 -1.333333e+00 -1.333333e+00 -1.333333e+00 -1.333333e+00 1.333333e+00 1.333333e+00 1.333333e+00 1.333333e+00 1.333333e+00 1.333333e+00 2 2 -1.333333e+00 -1.333333e+00 -1.333333e+00 -1.333333e+00 1.333333e+00 1.333333e+00 9.290000e-01 -9.240000e-01 9.290000e-01 -9.240000e-01 9.290000e-01 -9.240000e-01 -5.766974e-02
301 -2 -2 -2 -2 -2 -2 -2 -2 -2 -2 2 2 2 2 2 2 2 2 -2 -2 -2 -2 2 2 9.290000e-01 -9.240000e-01 9.290000e-01 -9.240000e-01 9.290000e-01 -9.240000e-01 -5.990453e-02
302 -2 -2 -2 -2 -2 -2 -2 -2 -2 -2 2 2 2 2 2 2 2 2 -2 -2 -2 -2 2 2 9.290000e-01 -9.240000e-01 9.290000e-01 -9.240000e-01 9.290000e-01 -9.240000e-01 -5.990926e-02
303 -2 -2 -2 -2 -2 -2 -2 -2 -2 -2 2 2 2 2 2 2 1.333333e+00 1.333333e+00 -2 -2 -2 -2 2 2 9.290000e-01 -9.240000e-01 9.290000e-01 -9.240000e-01 9.290000e-01 -9.240000e-01 -5.994331e-02
304 -2 -2 -2 -2 -2 -2 -2 -2 -2 -2 2 2 2 2 2 2 6.666667e-01 6.666667e-01 -2 -2 -2 -2 2 2 9.290000e-01 -9.240000e-01 9.290000e-01 -9.240000e-01 9.290000e-01 -9.240000e-01 -5.995043e-02
305 -2 -2 -2 -2 -2 -2 -2 -2 -2 -2 2 2 2 2 2 2 0 0 -2 -2 -2 -2 2 2 9.290000e-01 -9.240000e-01 9.290000e-01 -9.240000e-01 9.290000e-01 -9.240000e-01 -5.995470e-02
306 -2 -2 -2 -2 -2 -2 -2 -2 -2 -2 2 2 2 2 2 2 -6.666667e-01 -6.666667e-01 -2 -2 -2 -2 2 2 9.290000e-01 -9.240000e-01 9.290000e-01 -9.240000e-01 9.290000e-01 -9.240000e-01 -5.998212e-02
307 -2 -2 -2 -2 -2 -2 -2 -2 -2 -2 2 2 2 2 2 2 -1.333333e+00 -1.333333e+00 -2 -2 -2 -2 2 2 9.290000e-01 -9.240000e-01 9.290000e-01 -9.240000e-01 9.290000e-01 -9.240000e-01 -6.004804e-02
308 -2 -2 -2 -2 -2 -2 -2 -2 -2 -2 2 2 2 2 2 2 -2 -2 -2 -2 -2 -2 2 2 9.290000e-01 -9.240000e-01 9.290000e-01 -9.240000e-01 9.290000e-01 -9.240000e-01 -6.000445e-02
309 -2 -2 -2 -2 -2 -2 -2 -2 -2 -2 2 2 2 2 2 2 -2 -2 -2 -2 -2 -2 2 2 9.290000e-01 -9.240000e-01 9.290000e-01 -9.240000e-01 9.290000e-01 -9.240000e-01 -6.000135e-02
310 -1.333333e+00 -1.333333e+00 -1.333333e+00 -1.333333e+00 -1.333333e+00 -1.333333e+00 -1.333333e+00 -1.333333e+00 -1.333333e+00 -1.333333e+00 1.333333e+00 1.333333e+00 1.333333e+00 1.333333e+00 1.333333e+00 1.333333e+00 -2 -2 -1.333333e+00 -1.333333e+00 -1.333333e+00 -1.333333e+00 1.333333e+00 1.333333e+00 9.290000e-01 -9.240000e-01 9.290000e-01 -9.240000e-01 9.290000e-01 -9.240000e-01 -5.450952e-02
311 -6.666667e-01 -6.666667e-01 -6.666667e-01 -6.666667e-01 -6.666667e-01 -6.666667e-01 -6.666667e-01 -6.666667e-01 -6.666667e-01 -6.666667e-01 6.666667e-01 6.666667e-01 6.666667e-01 6.666667e-01 6.666667e-01 6.666667e-01 -2 -2 -6.666667e-01 -6.666667e-01 -6.666667e-01 -6.666667e-01 6.666667e-01 6.666667e-01 9.290000e-01 -9.240000e-01 9.290000e-01 -9.240000e-01 9.290000e-01 -9.240000e-01 -6.954462e-02
312 0 0 0 0 0 0 0 0 0 0 0 0 0 0 0 0 -2 -2 0 0 0 0 0 0 9.290000e-01 -9.240000e-01 9.290000e-01 -9.240000e-01 9.290000e-01 -9.240000e-01 -8.487429e-02
313 6.666667e-01 6.666667e-01 6.666667e-01 6.666667e-01 6.666667e-01 6.666667e-01 6.666667e-01 6.666667e-01 6.666667e-01 6.666667e-01 -6.666667e-01 -6.666667e-01 -6.666667e-01 -6.666667e-01 -6.666667e-01 -6.666667e-01 -2 -2 6.666667e-01 6.666667e-01 6.666667e-01 6.666667e-01 -6.666667e-01 -6.666667e-01 9.290000e-01 -9.240000e-01 9.290000e-01 -9.240000e-01 9.290000e-01 -9.240000e-01 1.019439e-02
314 1.333333e+00 1.333333e+00 1.333333e+00 1.333333e+00 1.333333e+00 1.333333e+00 1.333333e+00 1.333333e+00 1.333333e+00 1.333333e+00 -1.333333e+00 -1.333333e+00 -1.333333e+00 -1.333333e+00 -1.333333e+00 -1.333333e+00 -2 -2 1.333333e+00 1.333333e+00 1.333333e+00 1.333333e+00 -1.333333e+00 -1.333333e+00 9.290000e-01 -9.240000e-01 9.290000e-01 -9.240000e-01 9.290000e-01 -9.240000e-01 2.498864e-04
315 2 2 2 2 2 2 2 2 2 2 -2 -2 -2 -2 -2 -2 -2 -2 2 2 2 2 -2 -2 9.290000e-01 -9.240000e-01 9.290000e-01 -9.240000e-01 9.290000e-01 -9.240000e-01 -1.093841e-04
316 2 2 2 2 2 2 2 2 2 2 -2 -2 -2 -2 -2 -2 -2 -2 2 2 2 2 -2 -2 9.290000e-01 -9.240000e-01 9.290000e-01 -9.240000e-01 9.290000e-01 -9.240000e-01 -1.093858e-04
317 2 2 2 2 2 2 2 2 2 2 -2 -2 -2 -2 -2 -2 -1.333333e+00 -1.333333e+00 2 2 2 2 -2 -2 9.290000e-01 -9.240000e-01 9.290000e-01 -9.240000e-01 9.290000e-01 -9.240000e-01 -1.949583e-04
318 2 2 2 2 2 2 2 2 2 2 -2 -2 -2 -2 -2 -2 -6.666667e-01 -6.666667e-01 2 2 2 2 -2 -2 9.290000e-01 -9.240000e-01 9.290000e-01 -9.240000e-01 9.290000e-01 -9.240000e-01 -7.042702e-04
319 2 2 2 2 2 2 2 2 2 2 -2 -2 -2 -2 -2 -2 0 0 2 2 2 2 -2 -2 9.290000e-01 -9.240000e-01 9.290000e-01 -9.240000e-01 9.290000e-01 -9.240000e-01 -8.523762e-04
320 2 2 2 2 2 2 2 2 2 2 -2 -2 -2 -2 -2 -2 6.666667e-01 6.666667e-01 2 2 2 2 -2 -2 9.290000e-01 -9.240000e-01 9.290000e-01 -9.240000e-01 9.290000e-01 -9.240000e-01 -1.139469e-03
321 2 2 2 2 2 2 2 2 2 2 -2 -2 -2 -2 -2 -2 1.333333e+00 1.333333e+00 2 2 2 2 -2 -2 9.290000e-01 -9.240000e-01 9.290000e-01 -9.240000e-01 9.290000e-01 -9.240000e-01 -1.221285e-03
322 2 2 2 2 2 2 2 2 2 2 -2 -2 -2 -2 -2 -2 2 2 2 2 2 2 -2 -2 9.290000e-01 -9.240000e-01 9.290000e-01 -9.240000e-01 9.290000e-01 -9.240000e-01 -1.242815e-03
323 2 2 2 2 2 2 2 2 2 2 -2 -2 -2 -2 -2 -2 2 2 2 2 2 2 -2 -2 9.290000e-01 -9.240000e-01 9.290000e-01 -9.240000e-01 9.290000e-01 -9.240000e-01 -1.242816e-03
324 1.333333e+00 1.333333e+00 1.333333e+00 1.333333e+00 1.333333e+00 1.333333e+00 1.333333e+00 1.333333e+00 1.333333e+00 1.333333e+00 -1.333333e+00 -1.333333e+00 -1.333333e+00 -1.333333e+00 -1.333333e+00 -1.333333e+00 2 2 1.333333e+00 1.333333e+00 1.333333e+00 1.333333e+00 -1.333333e+00 -1.333333e+00 9.290000e-01 -9.240000e-01 9.290000e-01 -9.240000e-01 9.290000e-01 -9.240000e-01 -1.850332e-04
325 6.666667e-01 6.666667e-01 6.666667e-01 6.666667e-01 6.666667e-01 6.666667e-01 6.666667e-01 6.666667e-01 6.666667e-01 6.666667e-01 -6.666667e-01 -6.666667e-01 -6.666667e-01 -6.666667e-01 -6.666667e-01 -6.666667e-01 2 2 6.666667e-01 6.666667e-01 6.666667e-01 6.666667e-01 -6.666667e-01 -6.666667e-01 9.290000e-01 -9.240000e-01 9.290000e-01 -9.240000e-01 9.290000e-01 -9.240000e-01 -1.085388e-02
326 0 0 0 0 0 0 0 0 0 0 0 0 0 0 0 0 2 2 0 0 0 0 0 0 9.290000e-01 -9.240000e-01 9.290000e-01 -9.240000e-01 9.290000e-01 -9.240000e-01 -8.570759e-02
327 -6.666667e-01 -6.666667e-01 -6.666667e-01 -6.666667e-01 -6.666667e-01 -6.666667e-01 -6.666667e-01 -6.666667e-01 -6.666667e-01 -6.666667e-01 6.666667e-01 6.666667e-01 6.666667e-01 6.666667e-01 6.666667e-01 6.666667e-01 2 2 -6.666667e-01 -6.666667e-01 -6.666667e-01 -6.666667e-01 6.666667e-01 6.666667e-01 9.290000e-01 -9.240000e-01 9.290000e-01 -9.240000e-01 9.290000e-01 -9.240000e-01 -6.969578e-02
328 -1.333333e+00 -1.333333e+00 -1.333333e+00 -1.333333e+00 -1.333333e+00 -1.333333e+00 -1.333333e+00 -1.333333e+00 -1.333333e+00 -1.333333e+00 1.333333e+00 1.333333e+00 1.333333e+00 1.333333e+00 1.333333e+00 1.333333e+00 2 2 -1.333333e+00 -1.333333e+00 -1.333333e+00 -1.333333e+00 1.333333e+00 1.333333e+00 9.290000e-01 -9.240000e-01 9.290000e-01 -9.240000e-01 9.290000e-01 -9.240000e-01 -5.766974e-02
329 -2 -2 -2 -2 -2 -2 -2 -2 -2 -2 2 2 2 2 2 2 2 2 -2 -2 -2 -2 2 2 9.290000e-01 -9.240000e-01 9.290000e-01 -9.240000e-01 9.290000e-01 -9.240000e-01 -5.990453e-02
330 -2 -2 -2 -2 -2 -2 -2 -2 -2 -2 2 2 2 2 2 2 2 2 -2 -2 -2 -2 2 2 9.290000e-01 -9.240000e-01 9.290000e-01 -9.240000e-01 9.290000e-01 -9.240000e-01 -5.990926e-02
331 -2 -2 -2 -2 -2 -2 -2 -2 -2 -2 2 2 2 2 2 2 1.333333e+00 1.333333e+00 -2 -2 -2 -2 2 2 9.290000e-01 -9.240000e-01 9.290000e-01 -9.240000e-01 9.290000e-01 -9.240000e-01 -5.994331e-02
332 -2 -2 -2 -2 -2 -2 -2 -2 -2 -2 2 2 2 2 2 2 6.666667e-01 6.666667e-01 -2 -2 -2 -2 2 2 9.290000e-01 -9.240000e-01 9.290000e-01 -9.240000e-01 9.290000e-01 -9.240000e-01 -5.995043e-02
333 -2 -2 -2 -2 -2 -2 -2 -2 -2 -2 2 2 2 2 2 2 0 0 -2 -2 -2 -2 2 2 9.290000e-01 -9.240000e-01 9.290000e-01 -9.240000e-01 9.290000e-01 -9.240000e-01 -5.995470e-02
334 -2 -2 -2 -2 -2 -2 -2 -2 -2 -2 2 2 2 2 2 2 -6.666667e-01 -6.666667e-01 -2 -2 -2 -2 2 2 9.290000e-01 -9.240000e-01 9.290000e-01 -9.240000e-01 9.290000e-01 -9.240000e-01 -5.998212e-02
335 -2 -2 -2 -2 -2 -2 -2 -2 -2 -2 2 2 2 2 2 2 -1.333333e+00 -1.333333e+00 -2 -2 -2 -2 2 2 9.290000e-01 -9.240000e-01 9.290000e-01 -9.240000e-01 9.290000e-01 -9.240000e-01 -6.004804e-02
336 -2 -2 -2 -2 -2 -2 -2 -2 -2 -2 2 2 2 2 2 2 -2 -2 -2 -2 -2 -2 2 2 9.290000e-01 -9.240000e-01 9.290000e-01 -9.240000e-01 9.290000e-01 -9.240000e-01 -6.000445e-02
337 -2 -2 -2 -2 -2 -2 -2 -2 -2 -2 2 2 2 2 2 2 -2 -2 -2 -2 -2 -2 2 2 9.290000e-01 -9.240000e-01 9.290000e-01 -9.240000e-01 9.290000e-01 -9.240000e-01 -6.000135e-02
338 -2 -2 -2 -2 -2 -2 -2 -2 -2 -2 1.333333e+00 1.333333e+00 1.333333e+00 1.333333e+00 1.333333e+00 1.333333e+00 -2 -2 -2 -2 -2 -2 1.333333e+00 1.333333e+00 9.290000e-01 -9.240000e-01 9.290000e-01 -9.240000e-01 9.290000e-01 -9.240000e-01 -5.453428e-02
339 -2 -2 -2 -2 -2 -2 -2 -2 -2 -2 6.666667e-01 6.666667e-01 6.666667e-01 6.666667e-01 6.666667e-01 6.666667e-01 -2 -2 -2 -2 -2 -2 6.666667e-01 6.666667e-01 9.290000e-01 -9.240000e-01 9.290000e-01 -9.240000e-01 9.290000e-01 -9.240000e-01 -6.916515e-02
340 -2 -2 -2 -2 -2 -2 -2 -2 -2 -2 0 0 0 0 0 0 -2 -2 -2 -2 -2 -2 0 0 9.290000e-01 -9.240000e-01 9.290000e-01 -9.240000e-01 9.290000e-01 -9.240000e-01 -8.568762e-02
341 -2 -2 -2 -2 -2 -2 -2 -2 -2 -2 -6.666667e-01 -6.666667e-01 -6.666667e-01 -6.666667e-01 -6.666667e-01 -6.666667e-01 -2 -2 -2 -2 -2 -2 -6.666667e-01 -6.666667e-01 9.290000e-01 -9.240000e-01 9.290000e-01 -9.240000e-01 9.290000e-01 -9.240000e-01 -9.181948e-03
342 -2 -2 -2 -2 -2 -2 -2 -2 -2 -2 -1.333333e+00 -1.333333e+00 -1.333333e+00 -1.333333e+00 -1.333333e+00 -1.333333e+00 -2 -2 -2 -2 -2 -2 -1.333333e+00 -1.333333e+00 9.290000e-01 -9.240000e-01 9.290000e-01 -9.240000e-01 9.290000e-01 -9.240000e-01 1.146385e-03
343 -2 -2 -2 -2 -2 -2 -2 -2 -2 -2 -2 -2 -2 -2 -2 -2 -2 -2 -2 -2 -2 -2 -2 -2 9.290000e-01 -9.240000e-01 9.290000e-01 -9.240000e-01 9.290000e-01 -9.240000e-01 7.726238e-04
344 -2 -2 -2 -2 -2 -2 -2 -2 -2 -2 -2 -2 -2 -2 -2 -2 -2 -2 -2 -2 -2 -2 -2 -2 9.290000e-01 -9.240000e-01 9.290000e-01 -9.240000e-01 9.290000e-01 -9.240000e-01 7.726238e-04
345 -2 -2 -2 -2 -2 -2 -2 -2 -2 -2 -2 -2 -2 -2 -2 -2 -2 -2 -2 -2 -2 -2 -2 -2 9.290000e-01 -9.240000e-01 9.290000e-01 -9.240000e-01 9.290000e-01 -9.240000e-01 7.726238e-04
346 -2 -2 -2 -2 -2 -2 -2 -2 -2 -2 -2 -2 -2 -2 -2 -2 -2 -2 -2 -2 -2 -2 -2 -2 9.290000e-01 -9.240000e-01 9.290000e-01 -9.240000e-01 9.290000e-01 -9.240000e-01 7.726238e-04
347 -2 -2 -2 -2 -2 -2 -2 -2 -2 -2 -2 -2 -2 -2 -2 -2 -2 -2 -2 -2 -2 -2 -2 -2 9.290000e-01 -9.240000e-01 9.290000e-01 -9.240000e-01 9.290000e-01 -9.240000e-01 7.726238e-04
348 -2 -2 -2 -2 -2 -2 -2 -2 -2 -2 -2 -2 -2 -2 -2 -2 -2 -2 -2 -2 -2 -2 -2 -2 9.290000e-01 -9.240000e-01 9.290000e-01 -9.240000e-01 9.290000e-01 -9.240000e-01 7.726238e-04
349 -2 -2 -2 -2 -2 -2 -2 -2 -2 -2 -2 -2 -2 -2 -2 -2 -2 -2 -2 -2 -2 -2 -2 -2 9.290000e-01 -9.240000e-01 9.290000e-01 -9.240000e-01 9.290000e-01 -9.240000e-01 7.726238e-04
350 -2 -2 -2 -2 -2 -2 -2 -2 -2 -2 -2 -2 -2 -2 -2 -2 -2 -2 -2 -2 -2 -2 -2 -2 9.290000e-01 -9.240000e-01 9.290000e-01 -9.240000e-01 9.290000e-01 -9.240000e-01 7.726238e-04