            5        0.015        0.071       -0.896        0.803
       1.9526        0.015        0.071       -0.896        0.803
       1.8526        0.015        0.071       -0.896        0.803
       1.7526        0.015        0.071       -0.896        0.803
       1.6526        0.015        0.071       -0.896        0.803
       1.5526        0.015        0.071       -0.896        0.803
       1.4526        0.015        0.071       -0.896        0.803
       1.3526        0.015        0.071       -0.896        0.803
       1.2526        0.015        0.071       -0.896        0.803
       1.0889        0.017        0.054       -0.897        0.807
      0.92518        0.018        0.045        -0.87        0.807
      0.76149         0.02        0.039       -0.859        0.799
       0.5978        0.021        0.035       -0.849        0.792
      0.51596        0.022        0.033       -0.861        0.805
      0.43778        0.022        0.033       -0.859        0.806
      0.35227        0.024         0.03        -0.86        0.806
      0.27042        0.025        0.029        -0.86        0.806
      0.18858        0.025        0.028       -0.859        0.806
      0.10673        0.026        0.027       -0.859        0.806
     0.024889        0.027        0.026       -0.859        0.806
       -0.057        0.028        0.025       -0.859        0.806
      -0.1388        0.029        0.024       -0.859        0.806
     -0.22064         0.03        0.024       -0.859        0.806
     -0.30249        0.031        0.023       -0.859        0.806
     -0.38765        0.032        0.023       -0.855          0.8
     -0.46618        0.034        0.021       -0.859        0.805
      -0.5482        0.035         0.02       -0.846         0.79
     -0.71171        0.039        0.019        -0.86        0.802
      -0.8754        0.045        0.017       -0.868        0.806
      -1.0391        0.054        0.015       -0.875        0.806
      -1.2028         0.07        0.014       -0.881        0.796
      -1.3028         0.07        0.014       -0.881        0.796
      -1.4028         0.07        0.014       -0.881        0.796
      -1.5028         0.07        0.014       -0.881        0.796
      -1.6028         0.07        0.014       -0.881        0.796
      -1.7028         0.07        0.014       -0.881        0.796
      -1.8028         0.07        0.014       -0.881        0.796
      -1.9028         0.07        0.014       -0.881        0.796
           -5         0.07        0.014       -0.881        0.796