           -2      0.96644      0.03356            0            0
      -1.9596      0.96417     0.035833            0            0
      -1.9192      0.96175     0.038254            0            0
      -1.8788      0.95917     0.040831            0            0
      -1.8384      0.95643     0.043574            0            0
       -1.798      0.95351     0.046492            0            0
      -1.7576       0.9504     0.049596            0            0
      -1.7172       0.9471     0.052896            0            0
      -1.6768       0.9436     0.056402            0            0
      -1.6364      0.93987     0.060125            0            0
       -1.596      0.93592     0.064078            0            0
      -1.5556      0.93173     0.068271            0            0
      -1.5152      0.92728     0.072718            0            0
      -1.4747      0.92257      0.07743            0            0
      -1.4343      0.91758     0.082421            0            0
      -1.3939       0.9123     0.087703            0            0
      -1.3535      0.90671     0.093288            0            0
      -1.3131      0.90081     0.099191            0            0
      -1.2727      0.89458      0.10542            0            0
      -1.2323        0.888        0.112            0            0
      -1.1919      0.88107      0.11893            0            0
      -1.1515      0.87377      0.12623            0            0
      -1.1111      0.86609      0.13391            0            0
      -1.0707      0.85802      0.14198            0            0
      -1.0303      0.84955      0.15045            0            0
      -0.9899      0.84066      0.15934            0            0
     -0.94949      0.83136      0.16864            0            0
     -0.90909      0.82163      0.17837            0            0
     -0.86869      0.81146      0.18854            0            0
     -0.82828      0.80085      0.19915            0            0
     -0.78788       0.7898       0.2102            0            0
     -0.74747      0.77831      0.22169            0            0
     -0.70707      0.76638      0.23362            0            0
     -0.66667      0.75401      0.24599            0            0
     -0.62626       0.7412       0.2588            0            0
     -0.58586      0.72797      0.27203            0            0
     -0.54545      0.71432      0.28568            0            0
     -0.50505      0.70026      0.29974            0            0
     -0.46465      0.68582      0.31418            0            0
     -0.42424      0.67102      0.32898            0            0
     -0.38384      0.65586      0.34414            0            0
     -0.34343      0.64038      0.35962            0            0
     -0.30303       0.6246       0.3754            0            0
     -0.26263      0.60856      0.39144            0            0
     -0.22222      0.59227      0.40773            0            0
     -0.18182      0.57578      0.42422            0            0
     -0.14141      0.55912      0.44088            0            0
     -0.10101      0.54233      0.45767            0            0
    -0.060606      0.52543      0.47457            0            0
    -0.020202      0.50848      0.49152            0            0
     0.020202      0.49152      0.50848            0            0
     0.060606      0.47457      0.52543            0            0
      0.10101      0.45767      0.54233            0            0
      0.14141      0.44088      0.55912            0            0
      0.18182      0.42422      0.57578            0            0
      0.22222      0.40773      0.59227            0            0
      0.26263      0.39144      0.60856            0            0
      0.30303       0.3754       0.6246            0            0
      0.34343      0.35962      0.64038            0            0
      0.38384      0.34414      0.65586            0            0
      0.42424      0.32898      0.67102            0            0
      0.46465      0.31418      0.68582            0            0
      0.50505      0.29974      0.70026            0            0
      0.54545      0.28568      0.71432            0            0
      0.58586      0.27203      0.72797            0            0
      0.62626       0.2588       0.7412            0            0
      0.66667      0.24599      0.75401            0            0
      0.70707      0.23362      0.76638            0            0
      0.74747      0.22169      0.77831            0            0
      0.78788       0.2102       0.7898            0            0
      0.82828      0.19915      0.80085            0            0
      0.86869      0.18854      0.81146            0            0
      0.90909      0.17837      0.82163            0            0
      0.94949      0.16864      0.83136            0            0
       0.9899      0.15934      0.84066            0            0
       1.0303      0.15045      0.84955            0            0
       1.0707      0.14198      0.85802            0            0
       1.1111      0.13391      0.86609            0            0
       1.1515      0.12623      0.87377            0            0
       1.1919      0.11893      0.88107            0            0
       1.2323        0.112        0.888            0            0
       1.2727      0.10542      0.89458            0            0
       1.3131     0.099191      0.90081            0            0
       1.3535     0.093288      0.90671            0            0
       1.3939     0.087703       0.9123            0            0
       1.4343     0.082421      0.91758            0            0
       1.4747      0.07743      0.92257            0            0
       1.5152     0.072718      0.92728            0            0
       1.5556     0.068271      0.93173            0            0
        1.596     0.064078      0.93592            0            0
       1.6364     0.060125      0.93987            0            0
       1.6768     0.056402       0.9436            0            0
       1.7172     0.052896       0.9471            0            0
       1.7576     0.049596       0.9504            0            0
        1.798     0.046492      0.95351            0            0
       1.8384     0.043574      0.95643            0            0
       1.8788     0.040831      0.95917            0            0
       1.9192     0.038254      0.96175            0            0
       1.9596     0.035833      0.96417            0            0
            2      0.03356      0.96644            0            0
