           -2      0.95475     0.045254            0           0
      -1.9596      0.95201     0.047992            0           0
      -1.9192      0.94911     0.050886            0           0
      -1.8788      0.94606     0.053944            0           0
      -1.8384      0.94282     0.057176            0           0
       -1.798      0.93941     0.060588            0           0
      -1.7576      0.93581     0.064191            0           0
      -1.7172      0.93201     0.067992            0           0
      -1.6768        0.928     0.072001            0           0
      -1.6364      0.92377     0.076227            0           0
       -1.596      0.91932     0.080679            0           0
      -1.5556      0.91463     0.085368            0           0
      -1.5152       0.9097     0.090302            0           0
      -1.4747      0.90451     0.095491            0           0
      -1.4343      0.89905      0.10095            0           0
      -1.3939      0.89332      0.10668            0           0
      -1.3535      0.88731      0.11269            0           0
      -1.3131        0.881        0.119            0           0
      -1.2727      0.87439      0.12561            0           0
      -1.2323      0.86747      0.13253            0           0
      -1.1919      0.86023      0.13977            0           0
      -1.1515      0.85265      0.14735            0           0
      -1.1111      0.84475      0.15525            0           0
      -1.0707      0.83649      0.16351            0           0
      -1.0303      0.82789      0.17211            0           0
      -0.9899      0.81894      0.18106            0           0
     -0.94949      0.80962      0.19038            0           0
     -0.90909      0.79995      0.20005            0           0
     -0.86869      0.78991      0.21009            0           0
     -0.82828       0.7795       0.2205            0           0
     -0.78788      0.76873      0.23127            0           0
     -0.74747       0.7576       0.2424            0           0
     -0.70707      0.74611      0.25389            0           0
     -0.66667      0.73427      0.26573            0           0
     -0.62626      0.72208      0.27792            0           0
     -0.58586      0.70955      0.29045            0           0
     -0.54545      0.69669      0.30331            0           0
     -0.50505      0.68352      0.31648            0           0
     -0.46465      0.67004      0.32996            0           0
     -0.42424      0.65629      0.34371            0           0
     -0.38384      0.64226      0.35774            0           0
     -0.34343      0.62799      0.37201            0           0
     -0.30303      0.61349      0.38651            0           0
     -0.26263      0.59878      0.40122            0           0
     -0.22222       0.5839       0.4161            0           0
     -0.18182      0.56886      0.43114            0           0
     -0.14141      0.55369      0.44631            0           0
     -0.10101      0.53842      0.46158            0           0
    -0.060606      0.52308      0.47692            0           0
    -0.020202       0.5077       0.4923            0           0
     0.020202       0.4923       0.5077            0           0
     0.060606      0.47692      0.52308            0           0
      0.10101      0.46158      0.53842            0           0
      0.14141      0.44631      0.55369            0           0
      0.18182      0.43114      0.56886            0           0
      0.22222       0.4161       0.5839            0           0
      0.26263      0.40122      0.59878            0           0
      0.30303      0.38651      0.61349            0           0
      0.34343      0.37201      0.62799            0           0
      0.38384      0.35774      0.64226            0           0
      0.42424      0.34371      0.65629            0           0
      0.46465      0.32996      0.67004            0           0
      0.50505      0.31648      0.68352            0           0
      0.54545      0.30331      0.69669            0           0
      0.58586      0.29045      0.70955            0           0
      0.62626      0.27792      0.72208            0           0
      0.66667      0.26573      0.73427            0           0
      0.70707      0.25389      0.74611            0           0
      0.74747       0.2424       0.7576            0           0
      0.78788      0.23127      0.76873            0           0
      0.82828       0.2205       0.7795            0           0
      0.86869      0.21009      0.78991            0           0
      0.90909      0.20005      0.79995            0           0
      0.94949      0.19038      0.80962            0           0
       0.9899      0.18106      0.81894            0           0
       1.0303      0.17211      0.82789            0           0
       1.0707      0.16351      0.83649            0           0
       1.1111      0.15525      0.84475            0           0
       1.1515      0.14735      0.85265            0           0
       1.1919      0.13977      0.86023            0           0
       1.2323      0.13253      0.86747            0           0
       1.2727      0.12561      0.87439            0           0
       1.3131        0.119        0.881            0           0
       1.3535      0.11269      0.88731            0           0
       1.3939      0.10668      0.89332            0           0
       1.4343      0.10095      0.89905            0           0
       1.4747     0.095491      0.90451            0           0
       1.5152     0.090302       0.9097            0           0
       1.5556     0.085368      0.91463            0           0
        1.596     0.080679      0.91932            0           0
       1.6364     0.076227      0.92377            0           0
       1.6768     0.072001        0.928            0           0
       1.7172     0.067992      0.93201            0           0
       1.7576     0.064191      0.93581            0           0
        1.798     0.060588      0.93941            0           0
       1.8384     0.057176      0.94282            0           0
       1.8788     0.053944      0.94606            0           0
       1.9192     0.050886      0.94911            0           0
       1.9596     0.047992      0.95201            0           0
            2     0.045254      0.95475            0           0
