Time CK_0001a CK_0001b CK_0002a CK_0002b CK_0003a CK_0003b CK_0004a CK_0004b CK_0005a CK_0005b CK_0006a CK_0006b CK_0007a CK_0007b CK_0008a CK_0008b driver_0010a driver_0010b out_out_y
1 -2 -2 -2 -2 -2 -2 -2 -2 -2 -2 -2 -2 -2 -2 -2 -2 -9.240000e-01 9.290000e-01 4.958982e-04
2 -1 -1 -1 -1 -1 -1 -1 -1 -1 -1 -1 -1 -1 -1 -1 -1 -9.240000e-01 9.290000e-01 9.747326e-04
3 0 0 0 0 0 0 0 0 0 0 0 0 0 0 0 0 -9.240000e-01 9.290000e-01 1.081550e-02
4 1 1 1 1 1 1 1 1 1 1 1 1 1 1 1 1 -9.240000e-01 9.290000e-01 7.561906e-03
5 2 2 2 2 2 2 2 2 2 2 2 2 2 2 2 2 -9.240000e-01 9.290000e-01 1.347579e-02
6 2 2 2 2 2 2 2 2 2 2 2 2 2 2 2 2 -9.240000e-01 9.290000e-01 1.347580e-02
7 2 2 2 2 2 2 2 2 2 2 2 2 2 2 2 2 -9.240000e-01 9.290000e-01 1.347580e-02
8 2 2 2 2 2 2 2 2 2 2 2 2 2 2 2 2 -9.240000e-01 9.290000e-01 1.347580e-02
9 2 2 2 2 2 2 2 2 2 2 2 2 2 2 2 2 -9.240000e-01 9.290000e-01 1.347580e-02
10 2 2 2 2 2 2 2 2 2 2 2 2 2 2 2 2 -9.240000e-01 9.290000e-01 1.347580e-02
11 2 2 2 2 2 2 2 2 2 2 2 2 2 2 2 2 -9.240000e-01 9.290000e-01 1.347580e-02
12 1 1 1 1 1 1 1 1 1 1 1 1 1 1 1 1 -9.240000e-01 9.290000e-01 7.561743e-03
13 0 0 0 0 0 0 0 0 0 0 0 0 0 0 0 0 -9.240000e-01 9.290000e-01 1.081549e-02
14 -1 -1 -1 -1 -1 -1 -1 -1 -1 -1 -1 -1 -1 -1 -1 -1 -9.240000e-01 9.290000e-01 9.748429e-04
15 -2 -2 -2 -2 -2 -2 -2 -2 -2 -2 -2 -2 -2 -2 -2 -2 -9.240000e-01 9.290000e-01 4.958902e-04
16 -2 -2 -2 -2 -2 -2 -2 -2 -2 -2 -2 -2 -2 -2 -2 -2 -9.240000e-01 9.290000e-01 4.958900e-04
17 -2 -2 -2 -2 -2 -2 -2 -2 -2 -2 -2 -2 -2 -2 -2 -2 -9.240000e-01 9.290000e-01 4.958899e-04
18 -2 -2 -2 -2 -2 -2 -2 -2 -2 -2 -2 -2 -2 -2 -2 -2 -9.240000e-01 9.290000e-01 4.958899e-04
19 -2 -2 -2 -2 -2 -2 -2 -2 -2 -2 -2 -2 -2 -2 -2 -2 -9.240000e-01 9.290000e-01 4.958899e-04
20 -2 -2 -2 -2 -2 -2 -2 -2 -2 -2 -2 -2 -2 -2 -2 -2 -9.240000e-01 9.290000e-01 4.958899e-04
21 -2 -2 -2 -2 -2 -2 -2 -2 -2 -2 -2 -2 -2 -2 -2 -2 9.290000e-01 -9.240000e-01 4.962078e-04
22 -1 -1 -1 -1 -1 -1 -1 -1 -1 -1 -1 -1 -1 -1 -1 -1 9.290000e-01 -9.240000e-01 9.710731e-04
23 0 0 0 0 0 0 0 0 0 0 0 0 0 0 0 0 9.290000e-01 -9.240000e-01 -9.655916e-03
24 1 1 1 1 1 1 1 1 1 1 1 1 1 1 1 1 9.290000e-01 -9.240000e-01 7.519925e-03
25 2 2 2 2 2 2 2 2 2 2 2 2 2 2 2 2 9.290000e-01 -9.240000e-01 1.346583e-02
26 2 2 2 2 2 2 2 2 2 2 2 2 2 2 2 2 9.290000e-01 -9.240000e-01 1.346580e-02
27 2 2 2 2 2 2 2 2 2 2 2 2 2 2 2 2 9.290000e-01 -9.240000e-01 1.346580e-02
28 2 2 2 2 2 2 2 2 2 2 2 2 2 2 2 2 9.290000e-01 -9.240000e-01 1.346580e-02
29 2 2 2 2 2 2 2 2 2 2 2 2 2 2 2 2 9.290000e-01 -9.240000e-01 1.346580e-02
30 2 2 2 2 2 2 2 2 2 2 2 2 2 2 2 2 9.290000e-01 -9.240000e-01 1.346580e-02
31 2 2 2 2 2 2 2 2 2 2 2 2 2 2 2 2 9.290000e-01 -9.240000e-01 1.346580e-02
32 1 1 1 1 1 1 1 1 1 1 1 1 1 1 1 1 9.290000e-01 -9.240000e-01 7.519899e-03
33 0 0 0 0 0 0 0 0 0 0 0 0 0 0 0 0 9.290000e-01 -9.240000e-01 -9.655918e-03
34 -1 -1 -1 -1 -1 -1 -1 -1 -1 -1 -1 -1 -1 -1 -1 -1 9.290000e-01 -9.240000e-01 9.710260e-04
35 -2 -2 -2 -2 -2 -2 -2 -2 -2 -2 -2 -2 -2 -2 -2 -2 9.290000e-01 -9.240000e-01 4.962056e-04
36 -2 -2 -2 -2 -2 -2 -2 -2 -2 -2 -2 -2 -2 -2 -2 -2 9.290000e-01 -9.240000e-01 4.962035e-04
37 -2 -2 -2 -2 -2 -2 -2 -2 -2 -2 -2 -2 -2 -2 -2 -2 9.290000e-01 -9.240000e-01 4.962028e-04
38 -2 -2 -2 -2 -2 -2 -2 -2 -2 -2 -2 -2 -2 -2 -2 -2 9.290000e-01 -9.240000e-01 4.962025e-04
39 -2 -2 -2 -2 -2 -2 -2 -2 -2 -2 -2 -2 -2 -2 -2 -2 9.290000e-01 -9.240000e-01 4.962025e-04
40 -2 -2 -2 -2 -2 -2 -2 -2 -2 -2 -2 -2 -2 -2 -2 -2 9.290000e-01 -9.240000e-01 4.962024e-04