            5        0.012        1.034       -0.047            0
            4        0.023        1.018       -0.041            0
            3        0.034        1.005       -0.039            0
            2        0.044         0.99       -0.035            0
            1        0.054        0.971       -0.026            0
          0.8        0.056        0.966       -0.023            0
          0.6        0.059         0.96        -0.02            0
          0.5        0.061        0.956       -0.018            0
          0.4        0.099        0.918       -0.018            0
          0.2        0.317        0.712       -0.029            0
            0        0.526        0.509       -0.036            0
         -0.2        0.732        0.305       -0.038            0
         -0.4        0.943        0.092       -0.035            0
         -0.5        0.982        0.054       -0.036            0
         -0.6        0.986        0.052       -0.039            0
         -0.8        0.992        0.049       -0.042            0
           -1        0.997        0.047       -0.045            0
           -2        1.015        0.036       -0.052            0
           -3        1.029        0.026       -0.055            0
           -4        1.041        0.015       -0.057            0
           -5        1.056        0.003        -0.06            0
