            5        0.015        0.071        0.104       -0.197
       1.9526        0.015        0.071        0.104       -0.197
       1.8526        0.015        0.071        0.104       -0.197
       1.7526        0.015        0.071        0.104       -0.197
       1.6526        0.015        0.071        0.104       -0.197
       1.5526        0.015        0.071        0.104       -0.197
       1.4526        0.015        0.071        0.104       -0.197
       1.3526        0.015        0.071        0.104       -0.197
       1.2526        0.015        0.071        0.104       -0.197
       1.0889        0.017        0.054        0.103       -0.193
      0.92518        0.018        0.045         0.13       -0.193
      0.76149         0.02        0.039        0.141       -0.201
       0.5978        0.021        0.035        0.151       -0.208
      0.51596        0.022        0.033        0.139       -0.195
      0.43778        0.022        0.033        0.141       -0.194
      0.35227        0.024         0.03         0.14       -0.194
      0.27042        0.025        0.029         0.14       -0.194
      0.18858        0.025        0.028        0.141       -0.194
      0.10673        0.026        0.027        0.141       -0.194
     0.024889        0.027        0.026        0.141       -0.194
       -0.057        0.028        0.025        0.141       -0.194
      -0.1388        0.029        0.024        0.141       -0.194
     -0.22064         0.03        0.024        0.141       -0.194
     -0.30249        0.031        0.023        0.141       -0.194
     -0.38765        0.032        0.023        0.145         -0.2
     -0.46618        0.034        0.021        0.141       -0.195
      -0.5482        0.035         0.02        0.154        -0.21
     -0.71171        0.039        0.019         0.14       -0.198
      -0.8754        0.045        0.017        0.132       -0.194
      -1.0391        0.054        0.015        0.125       -0.194
      -1.2028         0.07        0.014        0.119       -0.204
      -1.3028         0.07        0.014        0.119       -0.204
      -1.4028         0.07        0.014        0.119       -0.204
      -1.5028         0.07        0.014        0.119       -0.204
      -1.6028         0.07        0.014        0.119       -0.204
      -1.7028         0.07        0.014        0.119       -0.204
      -1.8028         0.07        0.014        0.119       -0.204
      -1.9028         0.07        0.014        0.119       -0.204
           -5         0.07        0.014        0.119       -0.204
