    3.9920    0.0202    0.9798         0         0
    3.4598    0.0301    0.9699         0         0
    2.9275    0.0401    0.9599         0         0
    2.3952    0.0501    0.9499         0         0
    1.8630    0.0602    0.9398         0         0
    1.3307    0.0706    0.9294         0         0
    1.0645    0.0764    0.9236         0         0
    0.7984    0.1039    0.8961         0         0
    0.5323    0.2255    0.7745         0         0
    0.2661    0.3990    0.6010         0         0
    0.0000    0.5005    0.4995         0         0
   -0.2661    0.6020    0.3980         0         0
   -0.5323    0.7754    0.2246         0         0
   -0.7984    0.8971    0.1030         0         0
   -1.0645    0.9245    0.0755         0         0
   -1.1976    0.9270    0.0730         0         0
   -1.4637    0.9322    0.0678         0         0
   -1.7299    0.9377    0.0623         0         0
   -1.9960    0.9428    0.0573         0         0
   -2.2622    0.9478    0.0522         0         0
   -2.6614    0.9547    0.0453         0         0
   -3.1936    0.9647    0.0353         0         0
   -3.7259    0.9746    0.0254         0         0