            5        0.007        0.833       -0.194       -0.646
       1.9526        0.007        0.833       -0.194       -0.646
       1.8526        0.007        0.833       -0.194       -0.646
       1.7526        0.007        0.833       -0.194       -0.646
       1.6526        0.007        0.833       -0.194       -0.646
       1.5526        0.007        0.833       -0.194       -0.646
       1.4526        0.007        0.833       -0.194       -0.646
       1.3526        0.007        0.833       -0.194       -0.646
       1.2526        0.007        0.833       -0.194       -0.646
       1.0889         0.01        0.789       -0.159        -0.64
      0.92518        0.019        0.731       -0.126       -0.624
      0.76149        0.013        0.917       -0.284       -0.646
       0.5978        0.026        0.659        -0.06       -0.626
      0.51596         0.08        0.629       -0.062       -0.647
      0.43778        0.034        0.694       -0.096       -0.632
      0.35227        0.064         0.56       -0.004        -0.62
      0.27042        0.145        0.489       -0.018       -0.616
      0.18858         0.19        0.437        -0.01       -0.617
      0.10673        0.241        0.405       -0.022       -0.624
     0.024889        0.309        0.363       -0.024       -0.648
       -0.057        0.386         0.24       -0.006       -0.619
      -0.1388        0.445        0.183       -0.011       -0.617
     -0.22064        0.577        0.084       -0.036       -0.625
     -0.30249        0.559        0.067       -0.007       -0.618
     -0.38765         0.71         0.03       -0.107       -0.633
     -0.46618        0.648         0.03       -0.052       -0.626
      -0.5482        0.833        0.017       -0.207       -0.643
     -0.71171        0.783        0.015       -0.156       -0.642
      -0.8754        0.752        0.013       -0.133       -0.633
      -1.0391        0.792        0.009       -0.161       -0.641
      -1.2028        0.836        0.006       -0.195       -0.647
      -1.3028        0.836        0.006       -0.195       -0.647
      -1.4028        0.836        0.006       -0.195       -0.647
      -1.5028        0.836        0.006       -0.195       -0.647
      -1.6028        0.836        0.006       -0.195       -0.647
      -1.7028        0.836        0.006       -0.195       -0.647
      -1.8028        0.836        0.006       -0.195       -0.647
      -1.9028        0.836        0.006       -0.195       -0.647
           -5        0.836        0.006       -0.195       -0.647
