            5        0.003        0.927       -1.212        0.283
       1.9889        0.003        0.927       -1.212        0.283
       1.8526        0.003        0.927       -1.212        0.283
       1.7889        0.003        0.927       -1.212        0.283
       1.6526        0.003        0.927       -1.212        0.283
       1.5889        0.003        0.927       -1.212        0.283
       1.4526        0.003        0.927       -1.212        0.283
       1.3889        0.003        0.927       -1.212        0.283
       1.2526        0.003        0.927       -1.212        0.283
       1.0889        0.107        0.818       -1.209        0.283
      0.92518        0.005        0.922        -1.21        0.283
      0.76149        0.007        0.917       -1.207        0.283
       0.5978        0.023        0.905       -1.211        0.283
      0.51596         0.11        0.822       -1.215        0.283
      0.43778        0.195        0.739       -1.217        0.282
      0.35227        0.253        0.683       -1.218        0.282
      0.27042         0.31        0.627       -1.219        0.282
      0.18858        0.365        0.572        -1.22        0.282
      0.10673        0.422        0.514       -1.219        0.282
     0.024889        0.479        0.459        -1.22        0.282
       -0.057        0.534        0.404        -1.22        0.282
      -0.1388        0.588        0.349        -1.22        0.282
     -0.22064        0.644        0.293       -1.218        0.282
     -0.30249          0.7        0.235       -1.218        0.282
     -0.38765        0.758        0.176       -1.217        0.283
      -0.5482        0.881        0.048       -1.212        0.283
     -0.71171        0.922        0.004       -1.209        0.283
      -0.8754        0.924        0.003        -1.21        0.283
      -1.0391        0.927        0.002       -1.212        0.283
      -1.2028        0.929            0       -1.212        0.283
      -1.3391        0.927        0.002       -1.212        0.283
      -1.4328        0.929            0       -1.212        0.283
      -1.5391        0.927        0.002       -1.212        0.283
      -1.6028        0.929            0       -1.212        0.283
      -1.7391        0.927        0.002       -1.212        0.283
      -1.8328        0.929            0       -1.212        0.283
           -5        0.929            0       -1.212        0.283
