-0.515342 0.674364 0.075127 -0.152900 -0.596591 
-0.601227 0.705600 0.070858 -0.170757 -0.605705 
-0.687111 0.726216 0.069539 -0.186218 -0.609537 
-0.772995 0.745410 0.068046 -0.201709 -0.611747 
-0.944763 0.802311 0.062709 -0.240468 -0.624549 
-1.116532 0.834824 0.060225 -0.268218 -0.626830 
-1.288300 0.866679 0.057457 -0.294261 -0.629875 
-0.429458 0.646870 0.080598 -0.135763 -0.591707 
-0.343574 0.646870 0.080598 -0.135763 -0.591707 
-0.257690 0.671322 0.336769 -0.371153 -0.636938 
-0.171805 0.624264 0.391228 -0.378400 -0.637093 
-0.085921 0.576387 0.445105 -0.384170 -0.637322 
-0.000037 0.540784 0.482022 -0.385383 -0.637423 
0.085847 0.484608 0.537544 -0.384789 -0.637359 
0.171731 0.437076 0.584603 -0.384290 -0.637391 
0.257616 0.118012 0.571095 -0.103744 -0.585360 
0.343500 0.093854 0.607376 -0.114380 -0.586844 
0.429384 0.082304 0.636681 -0.129514 -0.589473 
0.515268 0.076591 0.662596 -0.146041 -0.593148 
0.601152 0.071494 0.690820 -0.164010 -0.598304 
0.772921 0.068237 0.732600 -0.194177 -0.606661 
0.944689 0.064248 0.775978 -0.224844 -0.615382 
1.116458 0.060421 0.821241 -0.257052 -0.624612 
1.288226 0.056823 0.864621 -0.291305 -0.630141 
