-0.515342 0.797055 0.077557 -0.234397 -0.640217 
-0.601227 0.821870 0.069299 -0.249836 -0.641333 
-0.687111 0.842899 0.065920 -0.266355 -0.642466 
-0.772995 0.861040 0.063838 -0.281402 -0.643480 
-0.944763 0.894634 0.060309 -0.309472 -0.645472 
-1.116532 0.919608 0.057936 -0.330698 -0.646846 
-1.288300 0.938654 0.056046 -0.346792 -0.647904 
-0.429458 0.766923 0.096101 -0.223551 -0.639472 
-0.343574 0.766923 0.096101 -0.223551 -0.639472 
-0.257690 0.691054 0.322658 -0.364323 -0.649388 
-0.171805 0.611752 0.416838 -0.378547 -0.650045 
-0.085921 0.576763 0.452240 -0.378912 -0.650090 
-0.000037 0.540314 0.489083 -0.379279 -0.650121 
0.085847 0.505505 0.523925 -0.379252 -0.650176 
0.171731 0.425933 0.601950 -0.377889 -0.649996 
0.257616 0.334734 0.668859 -0.354998 -0.648596 
0.343500 0.281985 0.717391 -0.351102 -0.648272 
0.429384 0.092317 0.763336 -0.217147 -0.638504 
0.515268 0.074031 0.793727 -0.228417 -0.639340 
0.601152 0.071124 0.811739 -0.242495 -0.640365 
0.772921 0.063411 0.853502 -0.274235 -0.642677 
0.944689 0.060357 0.884605 -0.300375 -0.644584 
1.116458 0.057811 0.910963 -0.322623 -0.646159 
1.288226 0.055917 0.929428 -0.338011 -0.647331 
