-0.515342 0.852256 0.162292 -0.353008 -0.661538 
-0.601227 0.910035 0.073413 -0.323858 -0.659590 
-0.687111 0.920748 0.063367 -0.324564 -0.659553 
-0.772995 0.931208 0.061784 -0.332896 -0.660095 
-0.944763 0.945515 0.059974 -0.344643 -0.660847 
-1.116532 0.955463 0.058731 -0.352815 -0.661375 
-1.288300 0.961618 0.057695 -0.357595 -0.661718 
-0.429458 0.796978 0.226665 -0.361576 -0.662060 
-0.343574 0.796978 0.226665 -0.361576 -0.662060 
-0.257690 0.679986 0.353315 -0.370649 -0.662654 
-0.171805 0.613824 0.421540 -0.372595 -0.662768 
-0.085921 0.572185 0.463605 -0.373000 -0.662789 
-0.000037 0.541303 0.494513 -0.373001 -0.662816 
0.085847 0.489684 0.546159 -0.373008 -0.662837 
0.171731 0.432446 0.602927 -0.372606 -0.662763 
0.257616 0.374220 0.659601 -0.371152 -0.662668 
0.343500 0.317974 0.713770 -0.369242 -0.662503 
0.429384 0.250726 0.774877 -0.363516 -0.662087 
0.515268 0.167792 0.843246 -0.349936 -0.661102 
0.601152 0.067625 0.899562 -0.308980 -0.658201 
0.772921 0.061102 0.926440 -0.327959 -0.659583 
0.944689 0.059222 0.942341 -0.341019 -0.660545 
1.116458 0.057875 0.952639 -0.349381 -0.661135 
1.288226 0.056808 0.959898 -0.355090 -0.661618 
