-0.515342 0.834411 0.209289 -0.355846 -0.687857 
-0.601227 0.877744 0.164645 -0.354621 -0.687765 
-0.687111 0.916987 0.123941 -0.353264 -0.687661 
-0.772995 0.948206 0.091306 -0.351953 -0.687564 
-0.944763 0.973430 0.064689 -0.350656 -0.687465 
-1.116532 0.975842 0.063498 -0.351800 -0.687539 
-1.288300 0.977758 0.062614 -0.352753 -0.687618 
-0.429458 0.783103 0.261967 -0.357107 -0.687961 
-0.343574 0.783103 0.261967 -0.357107 -0.687961 
-0.257690 0.669313 0.377664 -0.358894 -0.688084 
-0.171805 0.617260 0.430163 -0.359325 -0.688101 
-0.085921 0.575228 0.472342 -0.359477 -0.688092 
-0.000037 0.551215 0.496369 -0.359450 -0.688133 
0.085847 0.506519 0.541092 -0.359465 -0.688148 
0.171731 0.436138 0.611282 -0.359287 -0.688134 
0.257616 0.389593 0.657498 -0.358993 -0.688104 
0.343500 0.361623 0.685265 -0.358770 -0.688119 
0.429384 0.269430 0.775760 -0.357200 -0.687988 
0.515268 0.215530 0.828285 -0.355945 -0.687874 
0.601152 0.168290 0.874104 -0.354629 -0.687765 
0.772921 0.070990 0.966049 -0.349629 -0.687409 
0.944689 0.063333 0.974349 -0.350217 -0.687462 
1.116458 0.062085 0.976854 -0.351327 -0.687612 
1.288226 0.061266 0.978825 -0.352374 -0.687721 
