-0.515342 0.498207 0.074494 -0.089411 -0.483295 
-0.601227 0.524029 0.071953 -0.108548 -0.487435 
-0.687111 0.547599 0.069649 -0.126113 -0.491135 
-0.772995 0.573139 0.067514 -0.145283 -0.495373 
-0.944763 0.621081 0.063687 -0.181507 -0.503258 
-1.116532 0.670062 0.059901 -0.218819 -0.511144 
-1.288300 0.712645 0.056820 -0.250484 -0.518983 
-0.429458 0.464260 0.077984 -0.063783 -0.478461 
-0.343574 0.464260 0.077984 -0.063783 -0.478461 
-0.257690 0.399252 0.088990 -0.018369 -0.469878 
-0.171805 0.366554 0.096159 0.003055 -0.465766 
-0.085921 0.342697 0.112430 0.018656 -0.473782 
-0.000037 0.331777 0.156463 -0.017210 -0.471031 
0.085847 0.190225 0.270887 0.014053 -0.475166 
0.171731 0.098638 0.357186 0.008508 -0.464332 
0.257616 0.091179 0.389006 -0.011870 -0.468314 
0.343500 0.083537 0.421794 -0.033135 -0.472194 
0.429384 0.078823 0.453118 -0.055486 -0.476449 
0.515268 0.075681 0.482225 -0.077200 -0.480703 
0.601152 0.072810 0.508830 -0.096787 -0.484852 
0.772921 0.067871 0.562688 -0.137524 -0.493036 
0.944689 0.063723 0.611907 -0.174703 -0.500924 
1.116458 0.060205 0.656648 -0.208000 -0.508851 
1.288226 0.056678 0.704780 -0.244964 -0.516494 
