-0.515342 0.299582 0.076020 -0.001774 -0.373828 
-0.601227 0.326610 0.073436 -0.022259 -0.377784 
-0.687111 0.359279 0.070475 -0.047331 -0.382422 
-0.772995 0.369041 0.069490 -0.060830 -0.377701 
-0.944763 0.430882 0.064608 -0.108224 -0.387268 
-1.116532 0.485921 0.060810 -0.150389 -0.396343 
-1.288300 0.548620 0.056010 -0.199043 -0.405587 
-0.429458 0.264434 0.079491 0.025184 -0.369111 
-0.343574 0.264434 0.079491 0.025184 -0.369111 
-0.257690 0.217711 0.084734 0.059988 -0.362435 
-0.171805 0.185800 0.088734 0.084116 -0.358650 
-0.085921 0.151338 0.097424 0.105641 -0.354402 
-0.000037 0.128746 0.105184 0.118325 -0.352257 
0.085847 0.111920 0.117982 0.121920 -0.351823 
0.171731 0.089204 0.169752 0.088090 -0.347055 
0.257616 0.086959 0.188657 0.074376 -0.349998 
0.343500 0.083936 0.211695 0.057672 -0.353302 
0.429384 0.079650 0.248039 0.030861 -0.358552 
0.515268 0.076558 0.278394 0.008101 -0.363053 
0.601152 0.074493 0.301879 -0.009586 -0.366789 
0.772921 0.069706 0.357273 -0.051288 -0.375688 
0.944689 0.065024 0.419942 -0.099730 -0.385236 
1.116458 0.061337 0.471126 -0.138592 -0.393876 
1.288226 0.057553 0.525020 -0.180007 -0.402564 
