-0.515342 0.080018 0.067052 0.018836 -0.165904 
-0.601227 0.081937 0.066418 0.017900 -0.166255 
-0.687111 0.084467 0.065722 0.016276 -0.166466 
-0.772995 0.086506 0.065101 0.015352 -0.166959 
-0.944763 0.095447 0.063604 0.009197 -0.168247 
-1.116532 0.117052 0.061370 -0.007023 -0.171399 
-1.288300 0.139879 0.059382 -0.024238 -0.175023 
-0.429458 0.077534 0.067806 0.020342 -0.165680 
-0.343574 0.077534 0.067806 0.020342 -0.165680 
-0.257690 0.074985 0.069093 0.021335 -0.165411 
-0.171805 0.073909 0.069725 0.021684 -0.165313 
-0.085921 0.072649 0.070418 0.022179 -0.165245 
-0.000037 0.071605 0.071008 0.022603 -0.165211 
0.085847 0.070571 0.071732 0.022867 -0.165170 
0.171731 0.069718 0.072353 0.023071 -0.165143 
0.257616 0.069160 0.075717 0.014365 -0.159245 
0.343500 0.068555 0.076730 0.014069 -0.159353 
0.429384 0.067940 0.078099 0.013409 -0.159448 
0.515268 0.067280 0.079922 0.012590 -0.159793 
0.601152 0.066712 0.081151 0.012188 -0.160051 
0.772921 0.065302 0.086917 0.008754 -0.160975 
0.944689 0.064066 0.093360 0.004624 -0.162051 
1.116458 0.062481 0.105441 -0.003684 -0.164239 
1.288226 0.058615 0.154420 -0.041048 -0.171985 
