5   0.003 0.927 -0.212 0.283
1.9889    0.003 0.927 -0.212 0.283
1.8526    0.003 0.927 -0.212 0.283
1.7889    0.003 0.927 -0.212 0.283
1.6526    0.003 0.927 -0.212 0.283
1.5889    0.003 0.927 -0.212 0.283
1.4526    0.003 0.927 -0.212 0.283
1.3889    0.003 0.927 -0.212 0.283
1.2526    0.003 0.927 -0.212 0.283
1.0889    0.107 0.818 -0.209 0.283
0.92518   0.005 0.922 -0.210 0.283
0.76149   0.007 0.917 -0.207 0.283
0.59780   0.023 0.905 -0.211 0.283
0.51596   0.110 0.822 -0.215 0.283
0.43778   0.195 0.739 -0.217 0.282
0.35227   0.253 0.683 -0.218 0.282
0.27042   0.310 0.627 -0.219 0.282
0.18858   0.365 0.572 -0.220 0.282
0.10673   0.422 0.514 -0.219 0.282
0.024889  0.479 0.459 -0.220 0.282
-0.05700 0.534 0.404 -0.220 0.282
-0.13880 0.588 0.349 -0.220 0.282
-0.22064 0.644 0.293 -0.218 0.282
-0.30249 0.700 0.235 -0.218 0.282
-0.38765 0.758 0.176 -0.217 0.283
-0.54820 0.881 0.048 -0.212 0.283
-0.71171 0.922 0.004 -0.209 0.283
-0.87540 0.924 0.003 -0.210 0.283
-1.0391  0.927 0.002 -0.212 0.283
-1.2028  0.929 0.000 -0.212 0.283
-1.3391  0.927 0.002 -0.212 0.283
-1.4328  0.929 0.000 -0.212 0.283
-1.5391  0.927 0.002 -0.212 0.283
-1.6028  0.929 0.000 -0.212 0.283
-1.7391  0.927 0.002 -0.212 0.283
-1.8328  0.929 0.000 -0.212 0.283
-5 0.929 0.000 -0.212 0.283
