Time CK_0002a CK_0002b CK_0003a CK_0003b CK_0004a CK_0004b CK_0005a CK_0005b CK_0006a CK_0006b CK_0007a CK_0007b CK_0008a CK_0008b CK_0009a CK_0009b CK_0010a CK_0010b CK_0011a CK_0011b CK_0012a CK_0012b CK_0013a CK_0013b CK_0014a CK_0014b CK_0015a CK_0015b CK_0016a CK_0016b CK_0017a CK_0017b CK_0018a CK_0018b CK_0019a CK_0019b CK_0020a CK_0020b CK_0021a CK_0021b CK_0022a CK_0022b CK_0023a CK_0023b CK_0024a CK_0024b CK_0025a CK_0025b driver_0001a driver_0001b driver_0026a driver_0026b
1 -2 -2 -2 -2 -2 -2 -2 -2 -2 -2 -2 -2 -2 -2 -2 -2 -2 -2 -2 -2 -2 -2 -2 -2 -2 -2 -2 -2 -2 -2 -2 -2 -2 -2 -2 -2 -2 -2 -2 -2 -2 -2 -2 -2 -2 -2 -2 -2 -9.240000e-01 9.290000e-01 -9.240000e-01 9.290000e-01
2 -1 -1 -1 -1 -1 -1 -2 -2 -2 -2 -2 -2 -2 -2 -2 -2 -2 -2 -2 -2 -2 -2 -1 -1 -2 -2 -2 -2 -2 -2 -2 -2 -2 -2 -2 -2 -2 -2 -2 -2 -1 -1 -1 -1 -1 -1 -1 -1 -9.240000e-01 9.290000e-01 -9.240000e-01 9.290000e-01
3 0 0 0 0 0 0 -2 -2 -2 -2 -2 -2 -2 -2 -2 -2 -2 -2 -2 -2 -2 -2 0 0 -2 -2 -2 -2 -2 -2 -2 -2 -2 -2 -2 -2 -2 -2 -2 -2 0 0 0 0 0 0 0 0 -9.240000e-01 9.290000e-01 -9.240000e-01 9.290000e-01
4 1 1 1 1 1 1 -2 -2 -2 -2 -2 -2 -2 -2 -2 -2 -2 -2 -2 -2 -2 -2 1 1 -2 -2 -2 -2 -2 -2 -2 -2 -2 -2 -2 -2 -2 -2 -2 -2 1 1 1 1 1 1 1 1 -9.240000e-01 9.290000e-01 -9.240000e-01 9.290000e-01
5 2 2 2 2 2 2 -2 -2 -2 -2 -2 -2 -2 -2 -2 -2 -2 -2 -2 -2 -2 -2 2 2 -2 -2 -2 -2 -2 -2 -2 -2 -2 -2 -2 -2 -2 -2 -2 -2 2 2 2 2 2 2 2 2 -9.240000e-01 9.290000e-01 -9.240000e-01 9.290000e-01
6 2 2 2 2 2 2 -2 -2 -2 -2 -2 -2 -2 -2 -2 -2 -2 -2 -2 -2 -2 -2 2 2 -2 -2 -2 -2 -2 -2 -2 -2 -2 -2 -2 -2 -2 -2 -2 -2 2 2 2 2 2 2 2 2 -9.240000e-01 9.290000e-01 -9.240000e-01 9.290000e-01
7 2 2 2 2 2 2 -1 -1 -1 -1 -1 -1 -1 -1 -1 -1 -1 -1 -1 -1 -1 -1 2 2 -1 -1 -1 -1 -1 -1 -1 -1 -1 -1 -1 -1 -1 -1 -1 -1 2 2 2 2 2 2 2 2 -9.240000e-01 9.290000e-01 -9.240000e-01 9.290000e-01
8 2 2 2 2 2 2 0 0 0 0 0 0 0 0 0 0 0 0 0 0 0 0 2 2 0 0 0 0 0 0 0 0 0 0 0 0 0 0 0 0 2 2 2 2 2 2 2 2 -9.240000e-01 9.290000e-01 -9.240000e-01 9.290000e-01
9 2 2 2 2 2 2 1 1 1 1 1 1 1 1 1 1 1 1 1 1 1 1 2 2 1 1 1 1 1 1 1 1 1 1 1 1 1 1 1 1 2 2 2 2 2 2 2 2 -9.240000e-01 9.290000e-01 -9.240000e-01 9.290000e-01
10 2 2 2 2 2 2 2 2 2 2 2 2 2 2 2 2 2 2 2 2 2 2 2 2 2 2 2 2 2 2 2 2 2 2 2 2 2 2 2 2 2 2 2 2 2 2 2 2 -9.240000e-01 9.290000e-01 -9.240000e-01 9.290000e-01
11 2 2 2 2 2 2 2 2 2 2 2 2 2 2 2 2 2 2 2 2 2 2 2 2 2 2 2 2 2 2 2 2 2 2 2 2 2 2 2 2 2 2 2 2 2 2 2 2 -9.240000e-01 9.290000e-01 -9.240000e-01 9.290000e-01
12 1 1 1 1 1 1 2 2 2 2 2 2 2 2 2 2 2 2 2 2 2 2 1 1 2 2 2 2 2 2 2 2 2 2 2 2 2 2 2 2 1 1 1 1 1 1 1 1 -9.240000e-01 9.290000e-01 -9.240000e-01 9.290000e-01
13 0 0 0 0 0 0 2 2 2 2 2 2 2 2 2 2 2 2 2 2 2 2 0 0 2 2 2 2 2 2 2 2 2 2 2 2 2 2 2 2 0 0 0 0 0 0 0 0 -9.240000e-01 9.290000e-01 -9.240000e-01 9.290000e-01
14 -1 -1 -1 -1 -1 -1 2 2 2 2 2 2 2 2 2 2 2 2 2 2 2 2 -1 -1 2 2 2 2 2 2 2 2 2 2 2 2 2 2 2 2 -1 -1 -1 -1 -1 -1 -1 -1 -9.240000e-01 9.290000e-01 -9.240000e-01 9.290000e-01
15 -2 -2 -2 -2 -2 -2 2 2 2 2 2 2 2 2 2 2 2 2 2 2 2 2 -2 -2 2 2 2 2 2 2 2 2 2 2 2 2 2 2 2 2 -2 -2 -2 -2 -2 -2 -2 -2 -9.240000e-01 9.290000e-01 -9.240000e-01 9.290000e-01
16 -2 -2 -2 -2 -2 -2 2 2 2 2 2 2 2 2 2 2 2 2 2 2 2 2 -2 -2 2 2 2 2 2 2 2 2 2 2 2 2 2 2 2 2 -2 -2 -2 -2 -2 -2 -2 -2 -9.240000e-01 9.290000e-01 -9.240000e-01 9.290000e-01
17 -2 -2 -2 -2 -2 -2 1 1 1 1 1 1 1 1 1 1 1 1 1 1 1 1 -2 -2 1 1 1 1 1 1 1 1 1 1 1 1 1 1 1 1 -2 -2 -2 -2 -2 -2 -2 -2 -9.240000e-01 9.290000e-01 -9.240000e-01 9.290000e-01
18 -2 -2 -2 -2 -2 -2 0 0 0 0 0 0 0 0 0 0 0 0 0 0 0 0 -2 -2 0 0 0 0 0 0 0 0 0 0 0 0 0 0 0 0 -2 -2 -2 -2 -2 -2 -2 -2 -9.240000e-01 9.290000e-01 -9.240000e-01 9.290000e-01
19 -2 -2 -2 -2 -2 -2 -1 -1 -1 -1 -1 -1 -1 -1 -1 -1 -1 -1 -1 -1 -1 -1 -2 -2 -1 -1 -1 -1 -1 -1 -1 -1 -1 -1 -1 -1 -1 -1 -1 -1 -2 -2 -2 -2 -2 -2 -2 -2 -9.240000e-01 9.290000e-01 -9.240000e-01 9.290000e-01
20 -2 -2 -2 -2 -2 -2 -2 -2 -2 -2 -2 -2 -2 -2 -2 -2 -2 -2 -2 -2 -2 -2 -2 -2 -2 -2 -2 -2 -2 -2 -2 -2 -2 -2 -2 -2 -2 -2 -2 -2 -2 -2 -2 -2 -2 -2 -2 -2 -9.240000e-01 9.290000e-01 -9.240000e-01 9.290000e-01
21 -2 -2 -2 -2 -2 -2 -2 -2 -2 -2 -2 -2 -2 -2 -2 -2 -2 -2 -2 -2 -2 -2 -2 -2 -2 -2 -2 -2 -2 -2 -2 -2 -2 -2 -2 -2 -2 -2 -2 -2 -2 -2 -2 -2 -2 -2 -2 -2 9.290000e-01 -9.240000e-01 9.290000e-01 -9.240000e-01
22 -1 -1 -1 -1 -1 -1 -2 -2 -2 -2 -2 -2 -2 -2 -2 -2 -2 -2 -2 -2 -2 -2 -1 -1 -2 -2 -2 -2 -2 -2 -2 -2 -2 -2 -2 -2 -2 -2 -2 -2 -1 -1 -1 -1 -1 -1 -1 -1 9.290000e-01 -9.240000e-01 9.290000e-01 -9.240000e-01
23 0 0 0 0 0 0 -2 -2 -2 -2 -2 -2 -2 -2 -2 -2 -2 -2 -2 -2 -2 -2 0 0 -2 -2 -2 -2 -2 -2 -2 -2 -2 -2 -2 -2 -2 -2 -2 -2 0 0 0 0 0 0 0 0 9.290000e-01 -9.240000e-01 9.290000e-01 -9.240000e-01
24 1 1 1 1 1 1 -2 -2 -2 -2 -2 -2 -2 -2 -2 -2 -2 -2 -2 -2 -2 -2 1 1 -2 -2 -2 -2 -2 -2 -2 -2 -2 -2 -2 -2 -2 -2 -2 -2 1 1 1 1 1 1 1 1 9.290000e-01 -9.240000e-01 9.290000e-01 -9.240000e-01
25 2 2 2 2 2 2 -2 -2 -2 -2 -2 -2 -2 -2 -2 -2 -2 -2 -2 -2 -2 -2 2 2 -2 -2 -2 -2 -2 -2 -2 -2 -2 -2 -2 -2 -2 -2 -2 -2 2 2 2 2 2 2 2 2 9.290000e-01 -9.240000e-01 9.290000e-01 -9.240000e-01
26 2 2 2 2 2 2 -2 -2 -2 -2 -2 -2 -2 -2 -2 -2 -2 -2 -2 -2 -2 -2 2 2 -2 -2 -2 -2 -2 -2 -2 -2 -2 -2 -2 -2 -2 -2 -2 -2 2 2 2 2 2 2 2 2 9.290000e-01 -9.240000e-01 9.290000e-01 -9.240000e-01
27 2 2 2 2 2 2 -1 -1 -1 -1 -1 -1 -1 -1 -1 -1 -1 -1 -1 -1 -1 -1 2 2 -1 -1 -1 -1 -1 -1 -1 -1 -1 -1 -1 -1 -1 -1 -1 -1 2 2 2 2 2 2 2 2 9.290000e-01 -9.240000e-01 9.290000e-01 -9.240000e-01
28 2 2 2 2 2 2 0 0 0 0 0 0 0 0 0 0 0 0 0 0 0 0 2 2 0 0 0 0 0 0 0 0 0 0 0 0 0 0 0 0 2 2 2 2 2 2 2 2 9.290000e-01 -9.240000e-01 9.290000e-01 -9.240000e-01
29 2 2 2 2 2 2 1 1 1 1 1 1 1 1 1 1 1 1 1 1 1 1 2 2 1 1 1 1 1 1 1 1 1 1 1 1 1 1 1 1 2 2 2 2 2 2 2 2 9.290000e-01 -9.240000e-01 9.290000e-01 -9.240000e-01
30 2 2 2 2 2 2 2 2 2 2 2 2 2 2 2 2 2 2 2 2 2 2 2 2 2 2 2 2 2 2 2 2 2 2 2 2 2 2 2 2 2 2 2 2 2 2 2 2 9.290000e-01 -9.240000e-01 9.290000e-01 -9.240000e-01
31 2 2 2 2 2 2 2 2 2 2 2 2 2 2 2 2 2 2 2 2 2 2 2 2 2 2 2 2 2 2 2 2 2 2 2 2 2 2 2 2 2 2 2 2 2 2 2 2 9.290000e-01 -9.240000e-01 9.290000e-01 -9.240000e-01
32 1 1 1 1 1 1 2 2 2 2 2 2 2 2 2 2 2 2 2 2 2 2 1 1 2 2 2 2 2 2 2 2 2 2 2 2 2 2 2 2 1 1 1 1 1 1 1 1 9.290000e-01 -9.240000e-01 9.290000e-01 -9.240000e-01
33 0 0 0 0 0 0 2 2 2 2 2 2 2 2 2 2 2 2 2 2 2 2 0 0 2 2 2 2 2 2 2 2 2 2 2 2 2 2 2 2 0 0 0 0 0 0 0 0 9.290000e-01 -9.240000e-01 9.290000e-01 -9.240000e-01
34 -1 -1 -1 -1 -1 -1 2 2 2 2 2 2 2 2 2 2 2 2 2 2 2 2 -1 -1 2 2 2 2 2 2 2 2 2 2 2 2 2 2 2 2 -1 -1 -1 -1 -1 -1 -1 -1 9.290000e-01 -9.240000e-01 9.290000e-01 -9.240000e-01
35 -2 -2 -2 -2 -2 -2 2 2 2 2 2 2 2 2 2 2 2 2 2 2 2 2 -2 -2 2 2 2 2 2 2 2 2 2 2 2 2 2 2 2 2 -2 -2 -2 -2 -2 -2 -2 -2 9.290000e-01 -9.240000e-01 9.290000e-01 -9.240000e-01
36 -2 -2 -2 -2 -2 -2 2 2 2 2 2 2 2 2 2 2 2 2 2 2 2 2 -2 -2 2 2 2 2 2 2 2 2 2 2 2 2 2 2 2 2 -2 -2 -2 -2 -2 -2 -2 -2 9.290000e-01 -9.240000e-01 9.290000e-01 -9.240000e-01
37 -2 -2 -2 -2 -2 -2 1 1 1 1 1 1 1 1 1 1 1 1 1 1 1 1 -2 -2 1 1 1 1 1 1 1 1 1 1 1 1 1 1 1 1 -2 -2 -2 -2 -2 -2 -2 -2 9.290000e-01 -9.240000e-01 9.290000e-01 -9.240000e-01
38 -2 -2 -2 -2 -2 -2 0 0 0 0 0 0 0 0 0 0 0 0 0 0 0 0 -2 -2 0 0 0 0 0 0 0 0 0 0 0 0 0 0 0 0 -2 -2 -2 -2 -2 -2 -2 -2 9.290000e-01 -9.240000e-01 9.290000e-01 -9.240000e-01
39 -2 -2 -2 -2 -2 -2 -1 -1 -1 -1 -1 -1 -1 -1 -1 -1 -1 -1 -1 -1 -1 -1 -2 -2 -1 -1 -1 -1 -1 -1 -1 -1 -1 -1 -1 -1 -1 -1 -1 -1 -2 -2 -2 -2 -2 -2 -2 -2 9.290000e-01 -9.240000e-01 9.290000e-01 -9.240000e-01
40 -2 -2 -2 -2 -2 -2 -2 -2 -2 -2 -2 -2 -2 -2 -2 -2 -2 -2 -2 -2 -2 -2 -2 -2 -2 -2 -2 -2 -2 -2 -2 -2 -2 -2 -2 -2 -2 -2 -2 -2 -2 -2 -2 -2 -2 -2 -2 -2 9.290000e-01 -9.240000e-01 9.290000e-01 -9.240000e-01
41 -2 -2 -2 -2 -2 -2 -2 -2 -2 -2 -2 -2 -2 -2 -2 -2 -2 -2 -2 -2 -2 -2 -2 -2 -2 -2 -2 -2 -2 -2 -2 -2 -2 -2 -2 -2 -2 -2 -2 -2 -2 -2 -2 -2 -2 -2 -2 -2 5.343294e-02 5.343294e-02 5.343294e-02 5.343294e-02
42 -1 -1 -1 -1 -1 -1 -2 -2 -2 -2 -2 -2 -2 -2 -2 -2 -2 -2 -2 -2 -2 -2 -1 -1 -2 -2 -2 -2 -2 -2 -2 -2 -2 -2 -2 -2 -2 -2 -2 -2 -1 -1 -1 -1 -1 -1 -1 -1 5.343294e-02 5.343294e-02 5.343294e-02 5.343294e-02
43 0 0 0 0 0 0 -2 -2 -2 -2 -2 -2 -2 -2 -2 -2 -2 -2 -2 -2 -2 -2 0 0 -2 -2 -2 -2 -2 -2 -2 -2 -2 -2 -2 -2 -2 -2 -2 -2 0 0 0 0 0 0 0 0 5.343294e-02 5.343294e-02 5.343294e-02 5.343294e-02
44 1 1 1 1 1 1 -2 -2 -2 -2 -2 -2 -2 -2 -2 -2 -2 -2 -2 -2 -2 -2 1 1 -2 -2 -2 -2 -2 -2 -2 -2 -2 -2 -2 -2 -2 -2 -2 -2 1 1 1 1 1 1 1 1 5.343294e-02 5.343294e-02 5.343294e-02 5.343294e-02
45 2 2 2 2 2 2 -2 -2 -2 -2 -2 -2 -2 -2 -2 -2 -2 -2 -2 -2 -2 -2 2 2 -2 -2 -2 -2 -2 -2 -2 -2 -2 -2 -2 -2 -2 -2 -2 -2 2 2 2 2 2 2 2 2 5.343294e-02 5.343294e-02 5.343294e-02 5.343294e-02