   1.960785366341065  -0.058424000000000   1.058422000000000                   0                   0
   1.694649612794553  -0.050159000000000   1.050158000000000                   0                   0
   1.428513859248042  -0.042200000000000   1.042200000000000                   0                   0
   1.162378105701531  -0.034170000000000   1.034170000000000                   0                   0
   0.896242352155019  -0.024982000000000   1.024983000000000                   0                   0
   0.763174475381764  -0.014418000000000   1.014421000000000                   0                   0
   0.630106598608508   0.026504000000000   0.973492000000000                   0                   0
   0.497038721835252   0.089356000000000   0.910646000000000                   0                   0
   0.363970845061997   0.158243000000000   0.841754000000000                   0                   0
   0.230902968288741   0.227464000000000   0.772535000000000                   0                   0
   0.097835091515485   0.296967000000000   0.703032000000000                   0                   0
  -0.035232785257770   0.367017000000000   0.632982000000000                   0                   0
  -0.168300662031026   0.433305000000000   0.566696000000000                   0                   0
  -0.301368538804281   0.502172000000000   0.497829000000000                   0                   0
  -0.434436415577537   0.558351000000000   0.441650000000000                   0                   0
  -0.567504292350793   0.637361000000000   0.362641000000000                   0                   0
  -0.700572169124049   0.680967000000000   0.319034000000000                   0                   0
  -0.833640045897304   0.701843000000000   0.298156000000000                   0                   0
  -0.966707922670560   0.736307000000000   0.263696000000000                   0                   0
  -1.099775799443815   0.765619000000000   0.234378000000000                   0                   0
  -1.232843676217071   0.813968000000000   0.186029000000000                   0                   0
  -1.498979429763583   0.816708000000000   0.183290000000000                   0                   0
  -1.765115183310093   0.818845000000000   0.181155000000000                   0                   0
  -2.031250936856606   0.820703000000000   0.179298000000000                   0                   0