Time CK_0002a CK_0002b CK_0003a CK_0003b CK_0004a CK_0004b CK_0005a CK_0005b CK_0006a CK_0006b CK_0007a CK_0007b CK_0008a CK_0008b CK_0009a CK_0009b driver_0010a driver_0010b driver_0011a driver_0011b driver_0012a driver_0012b out_o
1 -2 -2 -2 -2 -2 -2 -2 -2 -2 -2 -2 -2 -2 -2 -2 -2 9.290000e-01 -9.240000e-01 9.290000e-01 -9.240000e-01 9.290000e-01 -9.240000e-01 7.808950e-04
2 -2 -2 -1.333333e+00 -1.333333e+00 -1.333333e+00 -1.333333e+00 -1.333333e+00 -1.333333e+00 -2 -2 -2 -2 -2 -2 -2 -2 9.290000e-01 -9.240000e-01 9.290000e-01 -9.240000e-01 9.290000e-01 -9.240000e-01 6.307119e-04
3 -2 -2 -6.666667e-01 -6.666667e-01 -6.666667e-01 -6.666667e-01 -6.666667e-01 -6.666667e-01 -2 -2 -2 -2 -2 -2 -2 -2 9.290000e-01 -9.240000e-01 9.290000e-01 -9.240000e-01 9.290000e-01 -9.240000e-01 3.579665e-04
4 -2 -2 0 0 0 0 0 0 -2 -2 -2 -2 -2 -2 -2 -2 9.290000e-01 -9.240000e-01 9.290000e-01 -9.240000e-01 9.290000e-01 -9.240000e-01 6.014432e-05
5 -2 -2 6.666667e-01 6.666667e-01 6.666667e-01 6.666667e-01 6.666667e-01 6.666667e-01 -2 -2 -2 -2 -2 -2 -2 -2 9.290000e-01 -9.240000e-01 9.290000e-01 -9.240000e-01 9.290000e-01 -9.240000e-01 3.029578e-05
6 -2 -2 1.333333e+00 1.333333e+00 1.333333e+00 1.333333e+00 1.333333e+00 1.333333e+00 -2 -2 -2 -2 -2 -2 -2 -2 9.290000e-01 -9.240000e-01 9.290000e-01 -9.240000e-01 9.290000e-01 -9.240000e-01 -2.821947e-05
7 -2 -2 2 2 2 2 2 2 -2 -2 -2 -2 -2 -2 -2 -2 9.290000e-01 -9.240000e-01 9.290000e-01 -9.240000e-01 9.290000e-01 -9.240000e-01 -6.655208e-05
8 -2 -2 2 2 2 2 2 2 -2 -2 -2 -2 -2 -2 -2 -2 9.290000e-01 -9.240000e-01 9.290000e-01 -9.240000e-01 9.290000e-01 -9.240000e-01 -6.655387e-05
9 -2 -2 2 2 2 2 2 2 -1.333333e+00 -1.333333e+00 -2 -2 -2 -2 -2 -2 9.290000e-01 -9.240000e-01 9.290000e-01 -9.240000e-01 9.290000e-01 -9.240000e-01 -1.493611e-04
10 -2 -2 2 2 2 2 2 2 -6.666667e-01 -6.666667e-01 -2 -2 -2 -2 -2 -2 9.290000e-01 -9.240000e-01 9.290000e-01 -9.240000e-01 9.290000e-01 -9.240000e-01 -3.567995e-04
11 -2 -2 2 2 2 2 2 2 0 0 -2 -2 -2 -2 -2 -2 9.290000e-01 -9.240000e-01 9.290000e-01 -9.240000e-01 9.290000e-01 -9.240000e-01 -5.837901e-04
12 -2 -2 2 2 2 2 2 2 6.666667e-01 6.666667e-01 -2 -2 -2 -2 -2 -2 9.290000e-01 -9.240000e-01 9.290000e-01 -9.240000e-01 9.290000e-01 -9.240000e-01 -7.526110e-04
13 -2 -2 2 2 2 2 2 2 1.333333e+00 1.333333e+00 -2 -2 -2 -2 -2 -2 9.290000e-01 -9.240000e-01 9.290000e-01 -9.240000e-01 9.290000e-01 -9.240000e-01 -8.099040e-04
14 -2 -2 2 2 2 2 2 2 2 2 -2 -2 -2 -2 -2 -2 9.290000e-01 -9.240000e-01 9.290000e-01 -9.240000e-01 9.290000e-01 -9.240000e-01 -8.286396e-04
15 -2 -2 2 2 2 2 2 2 2 2 -2 -2 -2 -2 -2 -2 9.290000e-01 -9.240000e-01 9.290000e-01 -9.240000e-01 9.290000e-01 -9.240000e-01 -8.286397e-04
16 -1.333333e+00 -1.333333e+00 1.333333e+00 1.333333e+00 1.333333e+00 1.333333e+00 1.333333e+00 1.333333e+00 2 2 -1.333333e+00 -1.333333e+00 -1.333333e+00 -1.333333e+00 -1.333333e+00 -1.333333e+00 9.290000e-01 -9.240000e-01 9.290000e-01 -9.240000e-01 9.290000e-01 -9.240000e-01 1.124584e-04
17 -6.666667e-01 -6.666667e-01 6.666667e-01 6.666667e-01 6.666667e-01 6.666667e-01 6.666667e-01 6.666667e-01 2 2 -6.666667e-01 -6.666667e-01 -6.666667e-01 -6.666667e-01 -6.666667e-01 -6.666667e-01 9.290000e-01 -9.240000e-01 9.290000e-01 -9.240000e-01 9.290000e-01 -9.240000e-01 -1.066493e-02
18 0 0 0 0 0 0 0 0 2 2 0 0 0 0 0 0 9.290000e-01 -9.240000e-01 9.290000e-01 -9.240000e-01 9.290000e-01 -9.240000e-01 -8.464375e-02
19 6.666667e-01 6.666667e-01 -6.666667e-01 -6.666667e-01 -6.666667e-01 -6.666667e-01 -6.666667e-01 -6.666667e-01 2 2 6.666667e-01 6.666667e-01 6.666667e-01 6.666667e-01 6.666667e-01 6.666667e-01 9.290000e-01 -9.240000e-01 9.290000e-01 -9.240000e-01 9.290000e-01 -9.240000e-01 -6.952416e-02
20 1.333333e+00 1.333333e+00 -1.333333e+00 -1.333333e+00 -1.333333e+00 -1.333333e+00 -1.333333e+00 -1.333333e+00 2 2 1.333333e+00 1.333333e+00 1.333333e+00 1.333333e+00 1.333333e+00 1.333333e+00 9.290000e-01 -9.240000e-01 9.290000e-01 -9.240000e-01 9.290000e-01 -9.240000e-01 -5.758002e-02
21 2 2 -2 -2 -2 -2 -2 -2 2 2 2 2 2 2 2 2 9.290000e-01 -9.240000e-01 9.290000e-01 -9.240000e-01 9.290000e-01 -9.240000e-01 -5.976647e-02
22 2 2 -2 -2 -2 -2 -2 -2 2 2 2 2 2 2 2 2 9.290000e-01 -9.240000e-01 9.290000e-01 -9.240000e-01 9.290000e-01 -9.240000e-01 -5.976687e-02
23 2 2 -2 -2 -2 -2 -2 -2 1.333333e+00 1.333333e+00 2 2 2 2 2 2 9.290000e-01 -9.240000e-01 9.290000e-01 -9.240000e-01 9.290000e-01 -9.240000e-01 -5.978040e-02
24 2 2 -2 -2 -2 -2 -2 -2 6.666667e-01 6.666667e-01 2 2 2 2 2 2 9.290000e-01 -9.240000e-01 9.290000e-01 -9.240000e-01 9.290000e-01 -9.240000e-01 -5.979725e-02
25 2 2 -2 -2 -2 -2 -2 -2 0 0 2 2 2 2 2 2 9.290000e-01 -9.240000e-01 9.290000e-01 -9.240000e-01 9.290000e-01 -9.240000e-01 -5.980776e-02
26 2 2 -2 -2 -2 -2 -2 -2 -6.666667e-01 -6.666667e-01 2 2 2 2 2 2 9.290000e-01 -9.240000e-01 9.290000e-01 -9.240000e-01 9.290000e-01 -9.240000e-01 -5.980836e-02
27 2 2 -2 -2 -2 -2 -2 -2 -1.333333e+00 -1.333333e+00 2 2 2 2 2 2 9.290000e-01 -9.240000e-01 9.290000e-01 -9.240000e-01 9.290000e-01 -9.240000e-01 -5.989802e-02
28 2 2 -2 -2 -2 -2 -2 -2 -2 -2 2 2 2 2 2 2 9.290000e-01 -9.240000e-01 9.290000e-01 -9.240000e-01 9.290000e-01 -9.240000e-01 -5.984214e-02
29 2 2 -2 -2 -2 -2 -2 -2 -2 -2 2 2 2 2 2 2 -9.240000e-01 9.290000e-01 9.290000e-01 -9.240000e-01 9.290000e-01 -9.240000e-01 -5.982514e-02
30 1.333333e+00 1.333333e+00 -1.333333e+00 -1.333333e+00 -1.333333e+00 -1.333333e+00 -1.333333e+00 -1.333333e+00 -2 -2 1.333333e+00 1.333333e+00 1.333333e+00 1.333333e+00 1.333333e+00 1.333333e+00 -9.240000e-01 9.290000e-01 9.290000e-01 -9.240000e-01 9.290000e-01 -9.240000e-01 -5.450940e-02
31 6.666667e-01 6.666667e-01 -6.666667e-01 -6.666667e-01 -6.666667e-01 -6.666667e-01 -6.666667e-01 -6.666667e-01 -2 -2 6.666667e-01 6.666667e-01 6.666667e-01 6.666667e-01 6.666667e-01 6.666667e-01 -9.240000e-01 9.290000e-01 9.290000e-01 -9.240000e-01 9.290000e-01 -9.240000e-01 -6.901472e-02
32 0 0 0 0 0 0 0 0 -2 -2 0 0 0 0 0 0 -9.240000e-01 9.290000e-01 9.290000e-01 -9.240000e-01 9.290000e-01 -9.240000e-01 -8.581698e-02
33 -6.666667e-01 -6.666667e-01 6.666667e-01 6.666667e-01 6.666667e-01 6.666667e-01 6.666667e-01 6.666667e-01 -2 -2 -6.666667e-01 -6.666667e-01 -6.666667e-01 -6.666667e-01 -6.666667e-01 -6.666667e-01 -9.240000e-01 9.290000e-01 9.290000e-01 -9.240000e-01 9.290000e-01 -9.240000e-01 -9.278672e-03
34 -1.333333e+00 -1.333333e+00 1.333333e+00 1.333333e+00 1.333333e+00 1.333333e+00 1.333333e+00 1.333333e+00 -2 -2 -1.333333e+00 -1.333333e+00 -1.333333e+00 -1.333333e+00 -1.333333e+00 -1.333333e+00 -9.240000e-01 9.290000e-01 9.290000e-01 -9.240000e-01 9.290000e-01 -9.240000e-01 1.272190e-03
35 -2 -2 2 2 2 2 2 2 -2 -2 -2 -2 -2 -2 -2 -2 -9.240000e-01 9.290000e-01 9.290000e-01 -9.240000e-01 9.290000e-01 -9.240000e-01 8.589239e-04
36 -2 -2 2 2 2 2 2 2 -2 -2 -2 -2 -2 -2 -2 -2 -9.240000e-01 9.290000e-01 9.290000e-01 -9.240000e-01 9.290000e-01 -9.240000e-01 8.589217e-04
37 -2 -2 2 2 2 2 2 2 -1.333333e+00 -1.333333e+00 -2 -2 -2 -2 -2 -2 -9.240000e-01 9.290000e-01 9.290000e-01 -9.240000e-01 9.290000e-01 -9.240000e-01 9.072858e-04
38 -2 -2 2 2 2 2 2 2 -6.666667e-01 -6.666667e-01 -2 -2 -2 -2 -2 -2 -9.240000e-01 9.290000e-01 9.290000e-01 -9.240000e-01 9.290000e-01 -9.240000e-01 8.799031e-04
39 -2 -2 2 2 2 2 2 2 0 0 -2 -2 -2 -2 -2 -2 -9.240000e-01 9.290000e-01 9.290000e-01 -9.240000e-01 9.290000e-01 -9.240000e-01 6.137703e-04
40 -2 -2 2 2 2 2 2 2 6.666667e-01 6.666667e-01 -2 -2 -2 -2 -2 -2 -9.240000e-01 9.290000e-01 9.290000e-01 -9.240000e-01 9.290000e-01 -9.240000e-01 5.913750e-04
41 -2 -2 2 2 2 2 2 2 1.333333e+00 1.333333e+00 -2 -2 -2 -2 -2 -2 -9.240000e-01 9.290000e-01 9.290000e-01 -9.240000e-01 9.290000e-01 -9.240000e-01 5.419762e-04
42 -2 -2 2 2 2 2 2 2 2 2 -2 -2 -2 -2 -2 -2 -9.240000e-01 9.290000e-01 9.290000e-01 -9.240000e-01 9.290000e-01 -9.240000e-01 5.264497e-04
43 -2 -2 2 2 2 2 2 2 2 2 -2 -2 -2 -2 -2 -2 -9.240000e-01 9.290000e-01 9.290000e-01 -9.240000e-01 9.290000e-01 -9.240000e-01 5.264145e-04
44 -1.333333e+00 -1.333333e+00 1.333333e+00 1.333333e+00 1.333333e+00 1.333333e+00 1.333333e+00 1.333333e+00 2 2 -1.333333e+00 -1.333333e+00 -1.333333e+00 -1.333333e+00 -1.333333e+00 -1.333333e+00 -9.240000e-01 9.290000e-01 9.290000e-01 -9.240000e-01 9.290000e-01 -9.240000e-01 1.087258e-03
45 -6.666667e-01 -6.666667e-01 6.666667e-01 6.666667e-01 6.666667e-01 6.666667e-01 6.666667e-01 6.666667e-01 2 2 -6.666667e-01 -6.666667e-01 -6.666667e-01 -6.666667e-01 -6.666667e-01 -6.666667e-01 -9.240000e-01 9.290000e-01 9.290000e-01 -9.240000e-01 9.290000e-01 -9.240000e-01 -9.647718e-03
46 0 0 0 0 0 0 0 0 2 2 0 0 0 0 0 0 -9.240000e-01 9.290000e-01 9.290000e-01 -9.240000e-01 9.290000e-01 -9.240000e-01 -8.371432e-02
47 6.666667e-01 6.666667e-01 -6.666667e-01 -6.666667e-01 -6.666667e-01 -6.666667e-01 -6.666667e-01 -6.666667e-01 2 2 6.666667e-01 6.666667e-01 6.666667e-01 6.666667e-01 6.666667e-01 6.666667e-01 -9.240000e-01 9.290000e-01 9.290000e-01 -9.240000e-01 9.290000e-01 -9.240000e-01 -6.905898e-02
48 1.333333e+00 1.333333e+00 -1.333333e+00 -1.333333e+00 -1.333333e+00 -1.333333e+00 -1.333333e+00 -1.333333e+00 2 2 1.333333e+00 1.333333e+00 1.333333e+00 1.333333e+00 1.333333e+00 1.333333e+00 -9.240000e-01 9.290000e-01 9.290000e-01 -9.240000e-01 9.290000e-01 -9.240000e-01 -5.727026e-02
49 2 2 -2 -2 -2 -2 -2 -2 2 2 2 2 2 2 2 2 -9.240000e-01 9.290000e-01 9.290000e-01 -9.240000e-01 9.290000e-01 -9.240000e-01 -5.971152e-02
50 2 2 -2 -2 -2 -2 -2 -2 2 2 2 2 2 2 2 2 -9.240000e-01 9.290000e-01 9.290000e-01 -9.240000e-01 9.290000e-01 -9.240000e-01 -5.971629e-02
51 2 2 -2 -2 -2 -2 -2 -2 1.333333e+00 1.333333e+00 2 2 2 2 2 2 -9.240000e-01 9.290000e-01 9.290000e-01 -9.240000e-01 9.290000e-01 -9.240000e-01 -5.973123e-02
52 2 2 -2 -2 -2 -2 -2 -2 6.666667e-01 6.666667e-01 2 2 2 2 2 2 -9.240000e-01 9.290000e-01 9.290000e-01 -9.240000e-01 9.290000e-01 -9.240000e-01 -5.975058e-02
53 2 2 -2 -2 -2 -2 -2 -2 0 0 2 2 2 2 2 2 -9.240000e-01 9.290000e-01 9.290000e-01 -9.240000e-01 9.290000e-01 -9.240000e-01 -5.976839e-02
54 2 2 -2 -2 -2 -2 -2 -2 -6.666667e-01 -6.666667e-01 2 2 2 2 2 2 -9.240000e-01 9.290000e-01 9.290000e-01 -9.240000e-01 9.290000e-01 -9.240000e-01 -5.978521e-02
55 2 2 -2 -2 -2 -2 -2 -2 -1.333333e+00 -1.333333e+00 2 2 2 2 2 2 -9.240000e-01 9.290000e-01 9.290000e-01 -9.240000e-01 9.290000e-01 -9.240000e-01 -5.986930e-02
56 2 2 -2 -2 -2 -2 -2 -2 -2 -2 2 2 2 2 2 2 -9.240000e-01 9.290000e-01 9.290000e-01 -9.240000e-01 9.290000e-01 -9.240000e-01 -5.983142e-02
57 2 2 -2 -2 -2 -2 -2 -2 -2 -2 2 2 2 2 2 2 9.290000e-01 -9.240000e-01 -9.240000e-01 9.290000e-01 9.290000e-01 -9.240000e-01 -6.000789e-02
58 1.333333e+00 1.333333e+00 -1.333333e+00 -1.333333e+00 -1.333333e+00 -1.333333e+00 -1.333333e+00 -1.333333e+00 -2 -2 1.333333e+00 1.333333e+00 1.333333e+00 1.333333e+00 1.333333e+00 1.333333e+00 9.290000e-01 -9.240000e-01 -9.240000e-01 9.290000e-01 9.290000e-01 -9.240000e-01 -5.460208e-02
59 6.666667e-01 6.666667e-01 -6.666667e-01 -6.666667e-01 -6.666667e-01 -6.666667e-01 -6.666667e-01 -6.666667e-01 -2 -2 6.666667e-01 6.666667e-01 6.666667e-01 6.666667e-01 6.666667e-01 6.666667e-01 9.290000e-01 -9.240000e-01 -9.240000e-01 9.290000e-01 9.290000e-01 -9.240000e-01 -6.955786e-02
60 0 0 0 0 0 0 0 0 -2 -2 0 0 0 0 0 0 9.290000e-01 -9.240000e-01 -9.240000e-01 9.290000e-01 9.290000e-01 -9.240000e-01 -8.410019e-02
61 -6.666667e-01 -6.666667e-01 6.666667e-01 6.666667e-01 6.666667e-01 6.666667e-01 6.666667e-01 6.666667e-01 -2 -2 -6.666667e-01 -6.666667e-01 -6.666667e-01 -6.666667e-01 -6.666667e-01 -6.666667e-01 9.290000e-01 -9.240000e-01 -9.240000e-01 9.290000e-01 9.290000e-01 -9.240000e-01 1.030374e-02
62 -1.333333e+00 -1.333333e+00 1.333333e+00 1.333333e+00 1.333333e+00 1.333333e+00 1.333333e+00 1.333333e+00 -2 -2 -1.333333e+00 -1.333333e+00 -1.333333e+00 -1.333333e+00 -1.333333e+00 -1.333333e+00 9.290000e-01 -9.240000e-01 -9.240000e-01 9.290000e-01 9.290000e-01 -9.240000e-01 2.773455e-04
63 -2 -2 2 2 2 2 2 2 -2 -2 -2 -2 -2 -2 -2 -2 9.290000e-01 -9.240000e-01 -9.240000e-01 9.290000e-01 9.290000e-01 -9.240000e-01 -1.186865e-04
64 -2 -2 2 2 2 2 2 2 -2 -2 -2 -2 -2 -2 -2 -2 9.290000e-01 -9.240000e-01 -9.240000e-01 9.290000e-01 9.290000e-01 -9.240000e-01 -1.186891e-04
65 -2 -2 2 2 2 2 2 2 -1.333333e+00 -1.333333e+00 -2 -2 -2 -2 -2 -2 9.290000e-01 -9.240000e-01 -9.240000e-01 9.290000e-01 9.290000e-01 -9.240000e-01 -2.628588e-04
66 -2 -2 2 2 2 2 2 2 -6.666667e-01 -6.666667e-01 -2 -2 -2 -2 -2 -2 9.290000e-01 -9.240000e-01 -9.240000e-01 9.290000e-01 9.290000e-01 -9.240000e-01 -4.608947e-04
67 -2 -2 2 2 2 2 2 2 0 0 -2 -2 -2 -2 -2 -2 9.290000e-01 -9.240000e-01 -9.240000e-01 9.290000e-01 9.290000e-01 -9.240000e-01 -7.370019e-04
68 -2 -2 2 2 2 2 2 2 6.666667e-01 6.666667e-01 -2 -2 -2 -2 -2 -2 9.290000e-01 -9.240000e-01 -9.240000e-01 9.290000e-01 9.290000e-01 -9.240000e-01 -7.749723e-04
69 -2 -2 2 2 2 2 2 2 1.333333e+00 1.333333e+00 -2 -2 -2 -2 -2 -2 9.290000e-01 -9.240000e-01 -9.240000e-01 9.290000e-01 9.290000e-01 -9.240000e-01 -8.252104e-04
70 -2 -2 2 2 2 2 2 2 2 2 -2 -2 -2 -2 -2 -2 9.290000e-01 -9.240000e-01 -9.240000e-01 9.290000e-01 9.290000e-01 -9.240000e-01 -8.498182e-04
71 -2 -2 2 2 2 2 2 2 2 2 -2 -2 -2 -2 -2 -2 9.290000e-01 -9.240000e-01 -9.240000e-01 9.290000e-01 9.290000e-01 -9.240000e-01 -8.498171e-04
72 -1.333333e+00 -1.333333e+00 1.333333e+00 1.333333e+00 1.333333e+00 1.333333e+00 1.333333e+00 1.333333e+00 2 2 -1.333333e+00 -1.333333e+00 -1.333333e+00 -1.333333e+00 -1.333333e+00 -1.333333e+00 9.290000e-01 -9.240000e-01 -9.240000e-01 9.290000e-01 9.290000e-01 -9.240000e-01 1.078727e-04
73 -6.666667e-01 -6.666667e-01 6.666667e-01 6.666667e-01 6.666667e-01 6.666667e-01 6.666667e-01 6.666667e-01 2 2 -6.666667e-01 -6.666667e-01 -6.666667e-01 -6.666667e-01 -6.666667e-01 -6.666667e-01 9.290000e-01 -9.240000e-01 -9.240000e-01 9.290000e-01 9.290000e-01 -9.240000e-01 -1.065781e-02
74 0 0 0 0 0 0 0 0 2 2 0 0 0 0 0 0 9.290000e-01 -9.240000e-01 -9.240000e-01 9.290000e-01 9.290000e-01 -9.240000e-01 -8.472805e-02
75 6.666667e-01 6.666667e-01 -6.666667e-01 -6.666667e-01 -6.666667e-01 -6.666667e-01 -6.666667e-01 -6.666667e-01 2 2 6.666667e-01 6.666667e-01 6.666667e-01 6.666667e-01 6.666667e-01 6.666667e-01 9.290000e-01 -9.240000e-01 -9.240000e-01 9.290000e-01 9.290000e-01 -9.240000e-01 -6.954439e-02
76 1.333333e+00 1.333333e+00 -1.333333e+00 -1.333333e+00 -1.333333e+00 -1.333333e+00 -1.333333e+00 -1.333333e+00 2 2 1.333333e+00 1.333333e+00 1.333333e+00 1.333333e+00 1.333333e+00 1.333333e+00 9.290000e-01 -9.240000e-01 -9.240000e-01 9.290000e-01 9.290000e-01 -9.240000e-01 -5.759881e-02
77 2 2 -2 -2 -2 -2 -2 -2 2 2 2 2 2 2 2 2 9.290000e-01 -9.240000e-01 -9.240000e-01 9.290000e-01 9.290000e-01 -9.240000e-01 -5.992321e-02
78 2 2 -2 -2 -2 -2 -2 -2 2 2 2 2 2 2 2 2 9.290000e-01 -9.240000e-01 -9.240000e-01 9.290000e-01 9.290000e-01 -9.240000e-01 -5.992729e-02
79 2 2 -2 -2 -2 -2 -2 -2 1.333333e+00 1.333333e+00 2 2 2 2 2 2 9.290000e-01 -9.240000e-01 -9.240000e-01 9.290000e-01 9.290000e-01 -9.240000e-01 -5.996181e-02
80 2 2 -2 -2 -2 -2 -2 -2 6.666667e-01 6.666667e-01 2 2 2 2 2 2 9.290000e-01 -9.240000e-01 -9.240000e-01 9.290000e-01 9.290000e-01 -9.240000e-01 -5.997519e-02
81 2 2 -2 -2 -2 -2 -2 -2 0 0 2 2 2 2 2 2 9.290000e-01 -9.240000e-01 -9.240000e-01 9.290000e-01 9.290000e-01 -9.240000e-01 -5.998263e-02
82 2 2 -2 -2 -2 -2 -2 -2 -6.666667e-01 -6.666667e-01 2 2 2 2 2 2 9.290000e-01 -9.240000e-01 -9.240000e-01 9.290000e-01 9.290000e-01 -9.240000e-01 -5.999138e-02
83 2 2 -2 -2 -2 -2 -2 -2 -1.333333e+00 -1.333333e+00 2 2 2 2 2 2 9.290000e-01 -9.240000e-01 -9.240000e-01 9.290000e-01 9.290000e-01 -9.240000e-01 -6.008004e-02
84 2 2 -2 -2 -2 -2 -2 -2 -2 -2 2 2 2 2 2 2 9.290000e-01 -9.240000e-01 -9.240000e-01 9.290000e-01 9.290000e-01 -9.240000e-01 -6.002437e-02
85 2 2 -2 -2 -2 -2 -2 -2 -2 -2 2 2 2 2 2 2 -9.240000e-01 9.290000e-01 -9.240000e-01 9.290000e-01 9.290000e-01 -9.240000e-01 -6.000728e-02
86 1.333333e+00 1.333333e+00 -1.333333e+00 -1.333333e+00 -1.333333e+00 -1.333333e+00 -1.333333e+00 -1.333333e+00 -2 -2 1.333333e+00 1.333333e+00 1.333333e+00 1.333333e+00 1.333333e+00 1.333333e+00 -9.240000e-01 9.290000e-01 -9.240000e-01 9.290000e-01 9.290000e-01 -9.240000e-01 -5.451770e-02
87 6.666667e-01 6.666667e-01 -6.666667e-01 -6.666667e-01 -6.666667e-01 -6.666667e-01 -6.666667e-01 -6.666667e-01 -2 -2 6.666667e-01 6.666667e-01 6.666667e-01 6.666667e-01 6.666667e-01 6.666667e-01 -9.240000e-01 9.290000e-01 -9.240000e-01 9.290000e-01 9.290000e-01 -9.240000e-01 -6.902044e-02
88 0 0 0 0 0 0 0 0 -2 -2 0 0 0 0 0 0 -9.240000e-01 9.290000e-01 -9.240000e-01 9.290000e-01 9.290000e-01 -9.240000e-01 -8.565047e-02
89 -6.666667e-01 -6.666667e-01 6.666667e-01 6.666667e-01 6.666667e-01 6.666667e-01 6.666667e-01 6.666667e-01 -2 -2 -6.666667e-01 -6.666667e-01 -6.666667e-01 -6.666667e-01 -6.666667e-01 -6.666667e-01 -9.240000e-01 9.290000e-01 -9.240000e-01 9.290000e-01 9.290000e-01 -9.240000e-01 -9.267186e-03
90 -1.333333e+00 -1.333333e+00 1.333333e+00 1.333333e+00 1.333333e+00 1.333333e+00 1.333333e+00 1.333333e+00 -2 -2 -1.333333e+00 -1.333333e+00 -1.333333e+00 -1.333333e+00 -1.333333e+00 -1.333333e+00 -9.240000e-01 9.290000e-01 -9.240000e-01 9.290000e-01 9.290000e-01 -9.240000e-01 1.132825e-03
91 -2 -2 2 2 2 2 2 2 -2 -2 -2 -2 -2 -2 -2 -2 -9.240000e-01 9.290000e-01 -9.240000e-01 9.290000e-01 9.290000e-01 -9.240000e-01 7.917953e-04
92 -2 -2 2 2 2 2 2 2 -2 -2 -2 -2 -2 -2 -2 -2 -9.240000e-01 9.290000e-01 -9.240000e-01 9.290000e-01 9.290000e-01 -9.240000e-01 7.917983e-04
93 -2 -2 2 2 2 2 2 2 -1.333333e+00 -1.333333e+00 -2 -2 -2 -2 -2 -2 -9.240000e-01 9.290000e-01 -9.240000e-01 9.290000e-01 9.290000e-01 -9.240000e-01 7.800697e-04
94 -2 -2 2 2 2 2 2 2 -6.666667e-01 -6.666667e-01 -2 -2 -2 -2 -2 -2 -9.240000e-01 9.290000e-01 -9.240000e-01 9.290000e-01 9.290000e-01 -9.240000e-01 8.743006e-04
95 -2 -2 2 2 2 2 2 2 0 0 -2 -2 -2 -2 -2 -2 -9.240000e-01 9.290000e-01 -9.240000e-01 9.290000e-01 9.290000e-01 -9.240000e-01 1.231553e-03
96 -2 -2 2 2 2 2 2 2 6.666667e-01 6.666667e-01 -2 -2 -2 -2 -2 -2 -9.240000e-01 9.290000e-01 -9.240000e-01 9.290000e-01 9.290000e-01 -9.240000e-01 1.384756e-03
97 -2 -2 2 2 2 2 2 2 1.333333e+00 1.333333e+00 -2 -2 -2 -2 -2 -2 -9.240000e-01 9.290000e-01 -9.240000e-01 9.290000e-01 9.290000e-01 -9.240000e-01 1.350281e-03
98 -2 -2 2 2 2 2 2 2 2 2 -2 -2 -2 -2 -2 -2 -9.240000e-01 9.290000e-01 -9.240000e-01 9.290000e-01 9.290000e-01 -9.240000e-01 1.399961e-03
99 -2 -2 2 2 2 2 2 2 2 2 -2 -2 -2 -2 -2 -2 -9.240000e-01 9.290000e-01 -9.240000e-01 9.290000e-01 9.290000e-01 -9.240000e-01 1.399967e-03
100 -1.333333e+00 -1.333333e+00 1.333333e+00 1.333333e+00 1.333333e+00 1.333333e+00 1.333333e+00 1.333333e+00 2 2 -1.333333e+00 -1.333333e+00 -1.333333e+00 -1.333333e+00 -1.333333e+00 -1.333333e+00 -9.240000e-01 9.290000e-01 -9.240000e-01 9.290000e-01 9.290000e-01 -9.240000e-01 1.526069e-03
101 -6.666667e-01 -6.666667e-01 6.666667e-01 6.666667e-01 6.666667e-01 6.666667e-01 6.666667e-01 6.666667e-01 2 2 -6.666667e-01 -6.666667e-01 -6.666667e-01 -6.666667e-01 -6.666667e-01 -6.666667e-01 -9.240000e-01 9.290000e-01 -9.240000e-01 9.290000e-01 9.290000e-01 -9.240000e-01 1.152143e-02
102 0 0 0 0 0 0 0 0 2 2 0 0 0 0 0 0 -9.240000e-01 9.290000e-01 -9.240000e-01 9.290000e-01 9.290000e-01 -9.240000e-01 1.747008e-01
103 6.666667e-01 6.666667e-01 -6.666667e-01 -6.666667e-01 -6.666667e-01 -6.666667e-01 -6.666667e-01 -6.666667e-01 2 2 6.666667e-01 6.666667e-01 6.666667e-01 6.666667e-01 6.666667e-01 6.666667e-01 -9.240000e-01 9.290000e-01 -9.240000e-01 9.290000e-01 9.290000e-01 -9.240000e-01 1.516719e-01
104 1.333333e+00 1.333333e+00 -1.333333e+00 -1.333333e+00 -1.333333e+00 -1.333333e+00 -1.333333e+00 -1.333333e+00 2 2 1.333333e+00 1.333333e+00 1.333333e+00 1.333333e+00 1.333333e+00 1.333333e+00 -9.240000e-01 9.290000e-01 -9.240000e-01 9.290000e-01 9.290000e-01 -9.240000e-01 9.241787e-02
105 2 2 -2 -2 -2 -2 -2 -2 2 2 2 2 2 2 2 2 -9.240000e-01 9.290000e-01 -9.240000e-01 9.290000e-01 9.290000e-01 -9.240000e-01 9.432989e-02
106 2 2 -2 -2 -2 -2 -2 -2 2 2 2 2 2 2 2 2 -9.240000e-01 9.290000e-01 -9.240000e-01 9.290000e-01 9.290000e-01 -9.240000e-01 9.433008e-02
107 2 2 -2 -2 -2 -2 -2 -2 1.333333e+00 1.333333e+00 2 2 2 2 2 2 -9.240000e-01 9.290000e-01 -9.240000e-01 9.290000e-01 9.290000e-01 -9.240000e-01 9.433139e-02
108 2 2 -2 -2 -2 -2 -2 -2 6.666667e-01 6.666667e-01 2 2 2 2 2 2 -9.240000e-01 9.290000e-01 -9.240000e-01 9.290000e-01 9.290000e-01 -9.240000e-01 9.433100e-02
109 2 2 -2 -2 -2 -2 -2 -2 0 0 2 2 2 2 2 2 -9.240000e-01 9.290000e-01 -9.240000e-01 9.290000e-01 9.290000e-01 -9.240000e-01 9.433049e-02
110 2 2 -2 -2 -2 -2 -2 -2 -6.666667e-01 -6.666667e-01 2 2 2 2 2 2 -9.240000e-01 9.290000e-01 -9.240000e-01 9.290000e-01 9.290000e-01 -9.240000e-01 9.433153e-02
111 2 2 -2 -2 -2 -2 -2 -2 -1.333333e+00 -1.333333e+00 2 2 2 2 2 2 -9.240000e-01 9.290000e-01 -9.240000e-01 9.290000e-01 9.290000e-01 -9.240000e-01 9.435283e-02
112 2 2 -2 -2 -2 -2 -2 -2 -2 -2 2 2 2 2 2 2 -9.240000e-01 9.290000e-01 -9.240000e-01 9.290000e-01 9.290000e-01 -9.240000e-01 9.431998e-02
113 2 2 -2 -2 -2 -2 -2 -2 -2 -2 2 2 2 2 2 2 9.290000e-01 -9.240000e-01 9.290000e-01 -9.240000e-01 -9.240000e-01 9.290000e-01 9.442294e-02
114 1.333333e+00 1.333333e+00 -1.333333e+00 -1.333333e+00 -1.333333e+00 -1.333333e+00 -1.333333e+00 -1.333333e+00 -2 -2 1.333333e+00 1.333333e+00 1.333333e+00 1.333333e+00 1.333333e+00 1.333333e+00 9.290000e-01 -9.240000e-01 9.290000e-01 -9.240000e-01 -9.240000e-01 9.290000e-01 9.190128e-02
115 6.666667e-01 6.666667e-01 -6.666667e-01 -6.666667e-01 -6.666667e-01 -6.666667e-01 -6.666667e-01 -6.666667e-01 -2 -2 6.666667e-01 6.666667e-01 6.666667e-01 6.666667e-01 6.666667e-01 6.666667e-01 9.290000e-01 -9.240000e-01 9.290000e-01 -9.240000e-01 -9.240000e-01 9.290000e-01 1.516700e-01
116 0 0 0 0 0 0 0 0 -2 -2 0 0 0 0 0 0 9.290000e-01 -9.240000e-01 9.290000e-01 -9.240000e-01 -9.240000e-01 9.290000e-01 1.732534e-01
117 -6.666667e-01 -6.666667e-01 6.666667e-01 6.666667e-01 6.666667e-01 6.666667e-01 6.666667e-01 6.666667e-01 -2 -2 -6.666667e-01 -6.666667e-01 -6.666667e-01 -6.666667e-01 -6.666667e-01 -6.666667e-01 9.290000e-01 -9.240000e-01 9.290000e-01 -9.240000e-01 -9.240000e-01 9.290000e-01 1.074581e-02
118 -1.333333e+00 -1.333333e+00 1.333333e+00 1.333333e+00 1.333333e+00 1.333333e+00 1.333333e+00 1.333333e+00 -2 -2 -1.333333e+00 -1.333333e+00 -1.333333e+00 -1.333333e+00 -1.333333e+00 -1.333333e+00 9.290000e-01 -9.240000e-01 9.290000e-01 -9.240000e-01 -9.240000e-01 9.290000e-01 1.240174e-03
119 -2 -2 2 2 2 2 2 2 -2 -2 -2 -2 -2 -2 -2 -2 9.290000e-01 -9.240000e-01 9.290000e-01 -9.240000e-01 -9.240000e-01 9.290000e-01 7.574383e-04
120 -2 -2 2 2 2 2 2 2 -2 -2 -2 -2 -2 -2 -2 -2 9.290000e-01 -9.240000e-01 9.290000e-01 -9.240000e-01 -9.240000e-01 9.290000e-01 7.574375e-04
121 -2 -2 2 2 2 2 2 2 -1.333333e+00 -1.333333e+00 -2 -2 -2 -2 -2 -2 9.290000e-01 -9.240000e-01 9.290000e-01 -9.240000e-01 -9.240000e-01 9.290000e-01 8.057751e-04
122 -2 -2 2 2 2 2 2 2 -6.666667e-01 -6.666667e-01 -2 -2 -2 -2 -2 -2 9.290000e-01 -9.240000e-01 9.290000e-01 -9.240000e-01 -9.240000e-01 9.290000e-01 7.128825e-04
123 -2 -2 2 2 2 2 2 2 0 0 -2 -2 -2 -2 -2 -2 9.290000e-01 -9.240000e-01 9.290000e-01 -9.240000e-01 -9.240000e-01 9.290000e-01 4.865642e-04
124 -2 -2 2 2 2 2 2 2 6.666667e-01 6.666667e-01 -2 -2 -2 -2 -2 -2 9.290000e-01 -9.240000e-01 9.290000e-01 -9.240000e-01 -9.240000e-01 9.290000e-01 5.756597e-04
125 -2 -2 2 2 2 2 2 2 1.333333e+00 1.333333e+00 -2 -2 -2 -2 -2 -2 9.290000e-01 -9.240000e-01 9.290000e-01 -9.240000e-01 -9.240000e-01 9.290000e-01 6.691297e-04
126 -2 -2 2 2 2 2 2 2 2 2 -2 -2 -2 -2 -2 -2 9.290000e-01 -9.240000e-01 9.290000e-01 -9.240000e-01 -9.240000e-01 9.290000e-01 7.563263e-04
127 -2 -2 2 2 2 2 2 2 2 2 -2 -2 -2 -2 -2 -2 9.290000e-01 -9.240000e-01 9.290000e-01 -9.240000e-01 -9.240000e-01 9.290000e-01 7.563384e-04
128 -1.333333e+00 -1.333333e+00 1.333333e+00 1.333333e+00 1.333333e+00 1.333333e+00 1.333333e+00 1.333333e+00 2 2 -1.333333e+00 -1.333333e+00 -1.333333e+00 -1.333333e+00 -1.333333e+00 -1.333333e+00 9.290000e-01 -9.240000e-01 9.290000e-01 -9.240000e-01 -9.240000e-01 9.290000e-01 1.177424e-03
129 -6.666667e-01 -6.666667e-01 6.666667e-01 6.666667e-01 6.666667e-01 6.666667e-01 6.666667e-01 6.666667e-01 2 2 -6.666667e-01 -6.666667e-01 -6.666667e-01 -6.666667e-01 -6.666667e-01 -6.666667e-01 9.290000e-01 -9.240000e-01 9.290000e-01 -9.240000e-01 -9.240000e-01 9.290000e-01 -9.958135e-03
130 0 0 0 0 0 0 0 0 2 2 0 0 0 0 0 0 9.290000e-01 -9.240000e-01 9.290000e-01 -9.240000e-01 -9.240000e-01 9.290000e-01 -8.586163e-02
131 6.666667e-01 6.666667e-01 -6.666667e-01 -6.666667e-01 -6.666667e-01 -6.666667e-01 -6.666667e-01 -6.666667e-01 2 2 6.666667e-01 6.666667e-01 6.666667e-01 6.666667e-01 6.666667e-01 6.666667e-01 9.290000e-01 -9.240000e-01 9.290000e-01 -9.240000e-01 -9.240000e-01 9.290000e-01 -6.923618e-02
132 1.333333e+00 1.333333e+00 -1.333333e+00 -1.333333e+00 -1.333333e+00 -1.333333e+00 -1.333333e+00 -1.333333e+00 2 2 1.333333e+00 1.333333e+00 1.333333e+00 1.333333e+00 1.333333e+00 1.333333e+00 9.290000e-01 -9.240000e-01 9.290000e-01 -9.240000e-01 -9.240000e-01 9.290000e-01 -5.741843e-02
133 2 2 -2 -2 -2 -2 -2 -2 2 2 2 2 2 2 2 2 9.290000e-01 -9.240000e-01 9.290000e-01 -9.240000e-01 -9.240000e-01 9.290000e-01 -5.971812e-02
134 2 2 -2 -2 -2 -2 -2 -2 2 2 2 2 2 2 2 2 9.290000e-01 -9.240000e-01 9.290000e-01 -9.240000e-01 -9.240000e-01 9.290000e-01 -5.972293e-02
135 2 2 -2 -2 -2 -2 -2 -2 1.333333e+00 1.333333e+00 2 2 2 2 2 2 9.290000e-01 -9.240000e-01 9.290000e-01 -9.240000e-01 -9.240000e-01 9.290000e-01 -5.973752e-02
136 2 2 -2 -2 -2 -2 -2 -2 6.666667e-01 6.666667e-01 2 2 2 2 2 2 9.290000e-01 -9.240000e-01 9.290000e-01 -9.240000e-01 -9.240000e-01 9.290000e-01 -5.975833e-02
137 2 2 -2 -2 -2 -2 -2 -2 0 0 2 2 2 2 2 2 9.290000e-01 -9.240000e-01 9.290000e-01 -9.240000e-01 -9.240000e-01 9.290000e-01 -5.977795e-02
138 2 2 -2 -2 -2 -2 -2 -2 -6.666667e-01 -6.666667e-01 2 2 2 2 2 2 9.290000e-01 -9.240000e-01 9.290000e-01 -9.240000e-01 -9.240000e-01 9.290000e-01 -5.979455e-02
139 2 2 -2 -2 -2 -2 -2 -2 -1.333333e+00 -1.333333e+00 2 2 2 2 2 2 9.290000e-01 -9.240000e-01 9.290000e-01 -9.240000e-01 -9.240000e-01 9.290000e-01 -5.987602e-02
140 2 2 -2 -2 -2 -2 -2 -2 -2 -2 2 2 2 2 2 2 9.290000e-01 -9.240000e-01 9.290000e-01 -9.240000e-01 -9.240000e-01 9.290000e-01 -5.983493e-02
141 2 2 -2 -2 -2 -2 -2 -2 -2 -2 2 2 2 2 2 2 -9.240000e-01 9.290000e-01 9.290000e-01 -9.240000e-01 -9.240000e-01 9.290000e-01 -5.981920e-02
142 1.333333e+00 1.333333e+00 -1.333333e+00 -1.333333e+00 -1.333333e+00 -1.333333e+00 -1.333333e+00 -1.333333e+00 -2 -2 1.333333e+00 1.333333e+00 1.333333e+00 1.333333e+00 1.333333e+00 1.333333e+00 -9.240000e-01 9.290000e-01 9.290000e-01 -9.240000e-01 -9.240000e-01 9.290000e-01 -5.439268e-02
143 6.666667e-01 6.666667e-01 -6.666667e-01 -6.666667e-01 -6.666667e-01 -6.666667e-01 -6.666667e-01 -6.666667e-01 -2 -2 6.666667e-01 6.666667e-01 6.666667e-01 6.666667e-01 6.666667e-01 6.666667e-01 -9.240000e-01 9.290000e-01 9.290000e-01 -9.240000e-01 -9.240000e-01 9.290000e-01 -6.857309e-02
144 0 0 0 0 0 0 0 0 -2 -2 0 0 0 0 0 0 -9.240000e-01 9.290000e-01 9.290000e-01 -9.240000e-01 -9.240000e-01 9.290000e-01 -8.376872e-02
145 -6.666667e-01 -6.666667e-01 6.666667e-01 6.666667e-01 6.666667e-01 6.666667e-01 6.666667e-01 6.666667e-01 -2 -2 -6.666667e-01 -6.666667e-01 -6.666667e-01 -6.666667e-01 -6.666667e-01 -6.666667e-01 -9.240000e-01 9.290000e-01 9.290000e-01 -9.240000e-01 -9.240000e-01 9.290000e-01 -8.502205e-03
146 -1.333333e+00 -1.333333e+00 1.333333e+00 1.333333e+00 1.333333e+00 1.333333e+00 1.333333e+00 1.333333e+00 -2 -2 -1.333333e+00 -1.333333e+00 -1.333333e+00 -1.333333e+00 -1.333333e+00 -1.333333e+00 -9.240000e-01 9.290000e-01 9.290000e-01 -9.240000e-01 -9.240000e-01 9.290000e-01 2.137672e-03
147 -2 -2 2 2 2 2 2 2 -2 -2 -2 -2 -2 -2 -2 -2 -9.240000e-01 9.290000e-01 9.290000e-01 -9.240000e-01 -9.240000e-01 9.290000e-01 1.674010e-03
148 -2 -2 2 2 2 2 2 2 -2 -2 -2 -2 -2 -2 -2 -2 -9.240000e-01 9.290000e-01 9.290000e-01 -9.240000e-01 -9.240000e-01 9.290000e-01 1.674007e-03
149 -2 -2 2 2 2 2 2 2 -1.333333e+00 -1.333333e+00 -2 -2 -2 -2 -2 -2 -9.240000e-01 9.290000e-01 9.290000e-01 -9.240000e-01 -9.240000e-01 9.290000e-01 1.917271e-03
150 -2 -2 2 2 2 2 2 2 -6.666667e-01 -6.666667e-01 -2 -2 -2 -2 -2 -2 -9.240000e-01 9.290000e-01 9.290000e-01 -9.240000e-01 -9.240000e-01 9.290000e-01 2.173937e-03
151 -2 -2 2 2 2 2 2 2 0 0 -2 -2 -2 -2 -2 -2 -9.240000e-01 9.290000e-01 9.290000e-01 -9.240000e-01 -9.240000e-01 9.290000e-01 2.523643e-03
152 -2 -2 2 2 2 2 2 2 6.666667e-01 6.666667e-01 -2 -2 -2 -2 -2 -2 -9.240000e-01 9.290000e-01 9.290000e-01 -9.240000e-01 -9.240000e-01 9.290000e-01 2.467239e-03
153 -2 -2 2 2 2 2 2 2 1.333333e+00 1.333333e+00 -2 -2 -2 -2 -2 -2 -9.240000e-01 9.290000e-01 9.290000e-01 -9.240000e-01 -9.240000e-01 9.290000e-01 2.389639e-03
154 -2 -2 2 2 2 2 2 2 2 2 -2 -2 -2 -2 -2 -2 -9.240000e-01 9.290000e-01 9.290000e-01 -9.240000e-01 -9.240000e-01 9.290000e-01 2.378488e-03
155 -2 -2 2 2 2 2 2 2 2 2 -2 -2 -2 -2 -2 -2 -9.240000e-01 9.290000e-01 9.290000e-01 -9.240000e-01 -9.240000e-01 9.290000e-01 2.378488e-03
156 -1.333333e+00 -1.333333e+00 1.333333e+00 1.333333e+00 1.333333e+00 1.333333e+00 1.333333e+00 1.333333e+00 2 2 -1.333333e+00 -1.333333e+00 -1.333333e+00 -1.333333e+00 -1.333333e+00 -1.333333e+00 -9.240000e-01 9.290000e-01 9.290000e-01 -9.240000e-01 -9.240000e-01 9.290000e-01 2.319181e-03
157 -6.666667e-01 -6.666667e-01 6.666667e-01 6.666667e-01 6.666667e-01 6.666667e-01 6.666667e-01 6.666667e-01 2 2 -6.666667e-01 -6.666667e-01 -6.666667e-01 -6.666667e-01 -6.666667e-01 -6.666667e-01 -9.240000e-01 9.290000e-01 9.290000e-01 -9.240000e-01 -9.240000e-01 9.290000e-01 1.202460e-02
158 0 0 0 0 0 0 0 0 2 2 0 0 0 0 0 0 -9.240000e-01 9.290000e-01 9.290000e-01 -9.240000e-01 -9.240000e-01 9.290000e-01 1.743625e-01
159 6.666667e-01 6.666667e-01 -6.666667e-01 -6.666667e-01 -6.666667e-01 -6.666667e-01 -6.666667e-01 -6.666667e-01 2 2 6.666667e-01 6.666667e-01 6.666667e-01 6.666667e-01 6.666667e-01 6.666667e-01 -9.240000e-01 9.290000e-01 9.290000e-01 -9.240000e-01 -9.240000e-01 9.290000e-01 1.518117e-01
160 1.333333e+00 1.333333e+00 -1.333333e+00 -1.333333e+00 -1.333333e+00 -1.333333e+00 -1.333333e+00 -1.333333e+00 2 2 1.333333e+00 1.333333e+00 1.333333e+00 1.333333e+00 1.333333e+00 1.333333e+00 -9.240000e-01 9.290000e-01 9.290000e-01 -9.240000e-01 -9.240000e-01 9.290000e-01 1.001174e-01
161 2 2 -2 -2 -2 -2 -2 -2 2 2 2 2 2 2 2 2 -9.240000e-01 9.290000e-01 9.290000e-01 -9.240000e-01 -9.240000e-01 9.290000e-01 9.445033e-02
162 2 2 -2 -2 -2 -2 -2 -2 2 2 2 2 2 2 2 2 -9.240000e-01 9.290000e-01 9.290000e-01 -9.240000e-01 -9.240000e-01 9.290000e-01 9.445007e-02
163 2 2 -2 -2 -2 -2 -2 -2 1.333333e+00 1.333333e+00 2 2 2 2 2 2 -9.240000e-01 9.290000e-01 9.290000e-01 -9.240000e-01 -9.240000e-01 9.290000e-01 9.445359e-02
164 2 2 -2 -2 -2 -2 -2 -2 6.666667e-01 6.666667e-01 2 2 2 2 2 2 -9.240000e-01 9.290000e-01 9.290000e-01 -9.240000e-01 -9.240000e-01 9.290000e-01 9.445315e-02
165 2 2 -2 -2 -2 -2 -2 -2 0 0 2 2 2 2 2 2 -9.240000e-01 9.290000e-01 9.290000e-01 -9.240000e-01 -9.240000e-01 9.290000e-01 9.445300e-02
166 2 2 -2 -2 -2 -2 -2 -2 -6.666667e-01 -6.666667e-01 2 2 2 2 2 2 -9.240000e-01 9.290000e-01 9.290000e-01 -9.240000e-01 -9.240000e-01 9.290000e-01 9.445128e-02
167 2 2 -2 -2 -2 -2 -2 -2 -1.333333e+00 -1.333333e+00 2 2 2 2 2 2 -9.240000e-01 9.290000e-01 9.290000e-01 -9.240000e-01 -9.240000e-01 9.290000e-01 9.447040e-02
168 2 2 -2 -2 -2 -2 -2 -2 -2 -2 2 2 2 2 2 2 -9.240000e-01 9.290000e-01 9.290000e-01 -9.240000e-01 -9.240000e-01 9.290000e-01 9.442443e-02
169 2 2 -2 -2 -2 -2 -2 -2 -2 -2 2 2 2 2 2 2 9.290000e-01 -9.240000e-01 -9.240000e-01 9.290000e-01 -9.240000e-01 9.290000e-01 9.431644e-02
170 1.333333e+00 1.333333e+00 -1.333333e+00 -1.333333e+00 -1.333333e+00 -1.333333e+00 -1.333333e+00 -1.333333e+00 -2 -2 1.333333e+00 1.333333e+00 1.333333e+00 1.333333e+00 1.333333e+00 1.333333e+00 9.290000e-01 -9.240000e-01 -9.240000e-01 9.290000e-01 -9.240000e-01 9.290000e-01 9.187944e-02
171 6.666667e-01 6.666667e-01 -6.666667e-01 -6.666667e-01 -6.666667e-01 -6.666667e-01 -6.666667e-01 -6.666667e-01 -2 -2 6.666667e-01 6.666667e-01 6.666667e-01 6.666667e-01 6.666667e-01 6.666667e-01 9.290000e-01 -9.240000e-01 -9.240000e-01 9.290000e-01 -9.240000e-01 9.290000e-01 1.517114e-01
172 0 0 0 0 0 0 0 0 -2 -2 0 0 0 0 0 0 9.290000e-01 -9.240000e-01 -9.240000e-01 9.290000e-01 -9.240000e-01 9.290000e-01 1.732723e-01
173 -6.666667e-01 -6.666667e-01 6.666667e-01 6.666667e-01 6.666667e-01 6.666667e-01 6.666667e-01 6.666667e-01 -2 -2 -6.666667e-01 -6.666667e-01 -6.666667e-01 -6.666667e-01 -6.666667e-01 -6.666667e-01 9.290000e-01 -9.240000e-01 -9.240000e-01 9.290000e-01 -9.240000e-01 9.290000e-01 1.063094e-02
174 -1.333333e+00 -1.333333e+00 1.333333e+00 1.333333e+00 1.333333e+00 1.333333e+00 1.333333e+00 1.333333e+00 -2 -2 -1.333333e+00 -1.333333e+00 -1.333333e+00 -1.333333e+00 -1.333333e+00 -1.333333e+00 9.290000e-01 -9.240000e-01 -9.240000e-01 9.290000e-01 -9.240000e-01 9.290000e-01 1.076178e-03
175 -2 -2 2 2 2 2 2 2 -2 -2 -2 -2 -2 -2 -2 -2 9.290000e-01 -9.240000e-01 -9.240000e-01 9.290000e-01 -9.240000e-01 9.290000e-01 7.017714e-04
176 -2 -2 2 2 2 2 2 2 -2 -2 -2 -2 -2 -2 -2 -2 9.290000e-01 -9.240000e-01 -9.240000e-01 9.290000e-01 -9.240000e-01 9.290000e-01 7.017757e-04
177 -2 -2 2 2 2 2 2 2 -1.333333e+00 -1.333333e+00 -2 -2 -2 -2 -2 -2 9.290000e-01 -9.240000e-01 -9.240000e-01 9.290000e-01 -9.240000e-01 9.290000e-01 5.983708e-04
178 -2 -2 2 2 2 2 2 2 -6.666667e-01 -6.666667e-01 -2 -2 -2 -2 -2 -2 9.290000e-01 -9.240000e-01 -9.240000e-01 9.290000e-01 -9.240000e-01 9.290000e-01 9.641671e-04
179 -2 -2 2 2 2 2 2 2 0 0 -2 -2 -2 -2 -2 -2 9.290000e-01 -9.240000e-01 -9.240000e-01 9.290000e-01 -9.240000e-01 9.290000e-01 1.259494e-03
180 -2 -2 2 2 2 2 2 2 6.666667e-01 6.666667e-01 -2 -2 -2 -2 -2 -2 9.290000e-01 -9.240000e-01 -9.240000e-01 9.290000e-01 -9.240000e-01 9.290000e-01 1.360318e-03
181 -2 -2 2 2 2 2 2 2 1.333333e+00 1.333333e+00 -2 -2 -2 -2 -2 -2 9.290000e-01 -9.240000e-01 -9.240000e-01 9.290000e-01 -9.240000e-01 9.290000e-01 1.298524e-03
182 -2 -2 2 2 2 2 2 2 2 2 -2 -2 -2 -2 -2 -2 9.290000e-01 -9.240000e-01 -9.240000e-01 9.290000e-01 -9.240000e-01 9.290000e-01 1.302136e-03
183 -2 -2 2 2 2 2 2 2 2 2 -2 -2 -2 -2 -2 -2 9.290000e-01 -9.240000e-01 -9.240000e-01 9.290000e-01 -9.240000e-01 9.290000e-01 1.302145e-03
184 -1.333333e+00 -1.333333e+00 1.333333e+00 1.333333e+00 1.333333e+00 1.333333e+00 1.333333e+00 1.333333e+00 2 2 -1.333333e+00 -1.333333e+00 -1.333333e+00 -1.333333e+00 -1.333333e+00 -1.333333e+00 9.290000e-01 -9.240000e-01 -9.240000e-01 9.290000e-01 -9.240000e-01 9.290000e-01 1.462921e-03
185 -6.666667e-01 -6.666667e-01 6.666667e-01 6.666667e-01 6.666667e-01 6.666667e-01 6.666667e-01 6.666667e-01 2 2 -6.666667e-01 -6.666667e-01 -6.666667e-01 -6.666667e-01 -6.666667e-01 -6.666667e-01 9.290000e-01 -9.240000e-01 -9.240000e-01 9.290000e-01 -9.240000e-01 9.290000e-01 1.141877e-02
186 0 0 0 0 0 0 0 0 2 2 0 0 0 0 0 0 9.290000e-01 -9.240000e-01 -9.240000e-01 9.290000e-01 -9.240000e-01 9.290000e-01 1.751930e-01
187 6.666667e-01 6.666667e-01 -6.666667e-01 -6.666667e-01 -6.666667e-01 -6.666667e-01 -6.666667e-01 -6.666667e-01 2 2 6.666667e-01 6.666667e-01 6.666667e-01 6.666667e-01 6.666667e-01 6.666667e-01 9.290000e-01 -9.240000e-01 -9.240000e-01 9.290000e-01 -9.240000e-01 9.290000e-01 1.516357e-01
188 1.333333e+00 1.333333e+00 -1.333333e+00 -1.333333e+00 -1.333333e+00 -1.333333e+00 -1.333333e+00 -1.333333e+00 2 2 1.333333e+00 1.333333e+00 1.333333e+00 1.333333e+00 1.333333e+00 1.333333e+00 9.290000e-01 -9.240000e-01 -9.240000e-01 9.290000e-01 -9.240000e-01 9.290000e-01 9.236162e-02
189 2 2 -2 -2 -2 -2 -2 -2 2 2 2 2 2 2 2 2 9.290000e-01 -9.240000e-01 -9.240000e-01 9.290000e-01 -9.240000e-01 9.290000e-01 9.432546e-02
190 2 2 -2 -2 -2 -2 -2 -2 2 2 2 2 2 2 2 2 9.290000e-01 -9.240000e-01 -9.240000e-01 9.290000e-01 -9.240000e-01 9.290000e-01 9.432565e-02
191 2 2 -2 -2 -2 -2 -2 -2 1.333333e+00 1.333333e+00 2 2 2 2 2 2 9.290000e-01 -9.240000e-01 -9.240000e-01 9.290000e-01 -9.240000e-01 9.290000e-01 9.432751e-02
192 2 2 -2 -2 -2 -2 -2 -2 6.666667e-01 6.666667e-01 2 2 2 2 2 2 9.290000e-01 -9.240000e-01 -9.240000e-01 9.290000e-01 -9.240000e-01 9.290000e-01 9.432779e-02
193 2 2 -2 -2 -2 -2 -2 -2 0 0 2 2 2 2 2 2 9.290000e-01 -9.240000e-01 -9.240000e-01 9.290000e-01 -9.240000e-01 9.290000e-01 9.432747e-02
194 2 2 -2 -2 -2 -2 -2 -2 -6.666667e-01 -6.666667e-01 2 2 2 2 2 2 9.290000e-01 -9.240000e-01 -9.240000e-01 9.290000e-01 -9.240000e-01 9.290000e-01 9.432650e-02
195 2 2 -2 -2 -2 -2 -2 -2 -1.333333e+00 -1.333333e+00 2 2 2 2 2 2 9.290000e-01 -9.240000e-01 -9.240000e-01 9.290000e-01 -9.240000e-01 9.290000e-01 9.434745e-02
196 2 2 -2 -2 -2 -2 -2 -2 -2 -2 2 2 2 2 2 2 9.290000e-01 -9.240000e-01 -9.240000e-01 9.290000e-01 -9.240000e-01 9.290000e-01 9.431659e-02
197 2 2 -2 -2 -2 -2 -2 -2 -2 -2 2 2 2 2 2 2 -9.240000e-01 9.290000e-01 -9.240000e-01 9.290000e-01 -9.240000e-01 9.290000e-01 9.431856e-02
198 1.333333e+00 1.333333e+00 -1.333333e+00 -1.333333e+00 -1.333333e+00 -1.333333e+00 -1.333333e+00 -1.333333e+00 -2 -2 1.333333e+00 1.333333e+00 1.333333e+00 1.333333e+00 1.333333e+00 1.333333e+00 -9.240000e-01 9.290000e-01 -9.240000e-01 9.290000e-01 -9.240000e-01 9.290000e-01 9.187966e-02
199 6.666667e-01 6.666667e-01 -6.666667e-01 -6.666667e-01 -6.666667e-01 -6.666667e-01 -6.666667e-01 -6.666667e-01 -2 -2 6.666667e-01 6.666667e-01 6.666667e-01 6.666667e-01 6.666667e-01 6.666667e-01 -9.240000e-01 9.290000e-01 -9.240000e-01 9.290000e-01 -9.240000e-01 9.290000e-01 1.520058e-01
200 0 0 0 0 0 0 0 0 -2 -2 0 0 0 0 0 0 -9.240000e-01 9.290000e-01 -9.240000e-01 9.290000e-01 -9.240000e-01 9.290000e-01 1.740765e-01
201 -6.666667e-01 -6.666667e-01 6.666667e-01 6.666667e-01 6.666667e-01 6.666667e-01 6.666667e-01 6.666667e-01 -2 -2 -6.666667e-01 -6.666667e-01 -6.666667e-01 -6.666667e-01 -6.666667e-01 -6.666667e-01 -9.240000e-01 9.290000e-01 -9.240000e-01 9.290000e-01 -9.240000e-01 9.290000e-01 -8.610769e-03
202 -1.333333e+00 -1.333333e+00 1.333333e+00 1.333333e+00 1.333333e+00 1.333333e+00 1.333333e+00 1.333333e+00 -2 -2 -1.333333e+00 -1.333333e+00 -1.333333e+00 -1.333333e+00 -1.333333e+00 -1.333333e+00 -9.240000e-01 9.290000e-01 -9.240000e-01 9.290000e-01 -9.240000e-01 9.290000e-01 2.068482e-03
203 -2 -2 2 2 2 2 2 2 -2 -2 -2 -2 -2 -2 -2 -2 -9.240000e-01 9.290000e-01 -9.240000e-01 9.290000e-01 -9.240000e-01 9.290000e-01 1.629717e-03
204 -2 -2 2 2 2 2 2 2 -2 -2 -2 -2 -2 -2 -2 -2 -9.240000e-01 9.290000e-01 -9.240000e-01 9.290000e-01 -9.240000e-01 9.290000e-01 1.629715e-03
205 -2 -2 2 2 2 2 2 2 -1.333333e+00 -1.333333e+00 -2 -2 -2 -2 -2 -2 -9.240000e-01 9.290000e-01 -9.240000e-01 9.290000e-01 -9.240000e-01 9.290000e-01 1.816750e-03
206 -2 -2 2 2 2 2 2 2 -6.666667e-01 -6.666667e-01 -2 -2 -2 -2 -2 -2 -9.240000e-01 9.290000e-01 -9.240000e-01 9.290000e-01 -9.240000e-01 9.290000e-01 2.102747e-03
207 -2 -2 2 2 2 2 2 2 0 0 -2 -2 -2 -2 -2 -2 -9.240000e-01 9.290000e-01 -9.240000e-01 9.290000e-01 -9.240000e-01 9.290000e-01 2.306481e-03
208 -2 -2 2 2 2 2 2 2 6.666667e-01 6.666667e-01 -2 -2 -2 -2 -2 -2 -9.240000e-01 9.290000e-01 -9.240000e-01 9.290000e-01 -9.240000e-01 9.290000e-01 2.320535e-03
209 -2 -2 2 2 2 2 2 2 1.333333e+00 1.333333e+00 -2 -2 -2 -2 -2 -2 -9.240000e-01 9.290000e-01 -9.240000e-01 9.290000e-01 -9.240000e-01 9.290000e-01 2.333298e-03
210 -2 -2 2 2 2 2 2 2 2 2 -2 -2 -2 -2 -2 -2 -9.240000e-01 9.290000e-01 -9.240000e-01 9.290000e-01 -9.240000e-01 9.290000e-01 2.345026e-03
211 -2 -2 2 2 2 2 2 2 2 2 -2 -2 -2 -2 -2 -2 -9.240000e-01 9.290000e-01 -9.240000e-01 9.290000e-01 -9.240000e-01 9.290000e-01 2.345026e-03
212 -1.333333e+00 -1.333333e+00 1.333333e+00 1.333333e+00 1.333333e+00 1.333333e+00 1.333333e+00 1.333333e+00 2 2 -1.333333e+00 -1.333333e+00 -1.333333e+00 -1.333333e+00 -1.333333e+00 -1.333333e+00 -9.240000e-01 9.290000e-01 -9.240000e-01 9.290000e-01 -9.240000e-01 9.290000e-01 2.317071e-03
213 -6.666667e-01 -6.666667e-01 6.666667e-01 6.666667e-01 6.666667e-01 6.666667e-01 6.666667e-01 6.666667e-01 2 2 -6.666667e-01 -6.666667e-01 -6.666667e-01 -6.666667e-01 -6.666667e-01 -6.666667e-01 -9.240000e-01 9.290000e-01 -9.240000e-01 9.290000e-01 -9.240000e-01 9.290000e-01 1.200301e-02
214 0 0 0 0 0 0 0 0 2 2 0 0 0 0 0 0 -9.240000e-01 9.290000e-01 -9.240000e-01 9.290000e-01 -9.240000e-01 9.290000e-01 1.742727e-01
215 6.666667e-01 6.666667e-01 -6.666667e-01 -6.666667e-01 -6.666667e-01 -6.666667e-01 -6.666667e-01 -6.666667e-01 2 2 6.666667e-01 6.666667e-01 6.666667e-01 6.666667e-01 6.666667e-01 6.666667e-01 -9.240000e-01 9.290000e-01 -9.240000e-01 9.290000e-01 -9.240000e-01 9.290000e-01 1.518572e-01
216 1.333333e+00 1.333333e+00 -1.333333e+00 -1.333333e+00 -1.333333e+00 -1.333333e+00 -1.333333e+00 -1.333333e+00 2 2 1.333333e+00 1.333333e+00 1.333333e+00 1.333333e+00 1.333333e+00 1.333333e+00 -9.240000e-01 9.290000e-01 -9.240000e-01 9.290000e-01 -9.240000e-01 9.290000e-01 1.000867e-01
217 2 2 -2 -2 -2 -2 -2 -2 2 2 2 2 2 2 2 2 -9.240000e-01 9.290000e-01 -9.240000e-01 9.290000e-01 -9.240000e-01 9.290000e-01 9.434052e-02
218 2 2 -2 -2 -2 -2 -2 -2 2 2 2 2 2 2 2 2 -9.240000e-01 9.290000e-01 -9.240000e-01 9.290000e-01 -9.240000e-01 9.290000e-01 9.434072e-02
219 2 2 -2 -2 -2 -2 -2 -2 1.333333e+00 1.333333e+00 2 2 2 2 2 2 -9.240000e-01 9.290000e-01 -9.240000e-01 9.290000e-01 -9.240000e-01 9.290000e-01 9.434230e-02
220 2 2 -2 -2 -2 -2 -2 -2 6.666667e-01 6.666667e-01 2 2 2 2 2 2 -9.240000e-01 9.290000e-01 -9.240000e-01 9.290000e-01 -9.240000e-01 9.290000e-01 9.434212e-02
221 2 2 -2 -2 -2 -2 -2 -2 0 0 2 2 2 2 2 2 -9.240000e-01 9.290000e-01 -9.240000e-01 9.290000e-01 -9.240000e-01 9.290000e-01 9.434177e-02
222 2 2 -2 -2 -2 -2 -2 -2 -6.666667e-01 -6.666667e-01 2 2 2 2 2 2 -9.240000e-01 9.290000e-01 -9.240000e-01 9.290000e-01 -9.240000e-01 9.290000e-01 9.434034e-02
223 2 2 -2 -2 -2 -2 -2 -2 -1.333333e+00 -1.333333e+00 2 2 2 2 2 2 -9.240000e-01 9.290000e-01 -9.240000e-01 9.290000e-01 -9.240000e-01 9.290000e-01 9.435985e-02
224 2 2 -2 -2 -2 -2 -2 -2 -2 -2 2 2 2 2 2 2 -9.240000e-01 9.290000e-01 -9.240000e-01 9.290000e-01 -9.240000e-01 9.290000e-01 9.431856e-02
225 2 2 -2 -2 -2 -2 -2 -2 -2 -2 2 2 2 2 2 2 9.290000e-01 -9.240000e-01 9.290000e-01 -9.240000e-01 9.290000e-01 -9.240000e-01 9.442385e-02
226 1.333333e+00 1.333333e+00 -1.333333e+00 -1.333333e+00 -1.333333e+00 -1.333333e+00 -1.333333e+00 -1.333333e+00 -2 -2 1.333333e+00 1.333333e+00 1.333333e+00 1.333333e+00 1.333333e+00 1.333333e+00 9.290000e-01 -9.240000e-01 9.290000e-01 -9.240000e-01 9.290000e-01 -9.240000e-01 9.185112e-02
227 6.666667e-01 6.666667e-01 -6.666667e-01 -6.666667e-01 -6.666667e-01 -6.666667e-01 -6.666667e-01 -6.666667e-01 -2 -2 6.666667e-01 6.666667e-01 6.666667e-01 6.666667e-01 6.666667e-01 6.666667e-01 9.290000e-01 -9.240000e-01 9.290000e-01 -9.240000e-01 9.290000e-01 -9.240000e-01 1.513784e-01
228 0 0 0 0 0 0 0 0 -2 -2 0 0 0 0 0 0 9.290000e-01 -9.240000e-01 9.290000e-01 -9.240000e-01 9.290000e-01 -9.240000e-01 1.732385e-01
229 -6.666667e-01 -6.666667e-01 6.666667e-01 6.666667e-01 6.666667e-01 6.666667e-01 6.666667e-01 6.666667e-01 -2 -2 -6.666667e-01 -6.666667e-01 -6.666667e-01 -6.666667e-01 -6.666667e-01 -6.666667e-01 9.290000e-01 -9.240000e-01 9.290000e-01 -9.240000e-01 9.290000e-01 -9.240000e-01 1.037822e-02
230 -1.333333e+00 -1.333333e+00 1.333333e+00 1.333333e+00 1.333333e+00 1.333333e+00 1.333333e+00 1.333333e+00 -2 -2 -1.333333e+00 -1.333333e+00 -1.333333e+00 -1.333333e+00 -1.333333e+00 -1.333333e+00 9.290000e-01 -9.240000e-01 9.290000e-01 -9.240000e-01 9.290000e-01 -9.240000e-01 3.564659e-04
231 -2 -2 2 2 2 2 2 2 -2 -2 -2 -2 -2 -2 -2 -2 9.290000e-01 -9.240000e-01 9.290000e-01 -9.240000e-01 9.290000e-01 -9.240000e-01 -6.655455e-05
232 -2 -2 2 2 2 2 2 2 -2 -2 -2 -2 -2 -2 -2 -2 9.290000e-01 -9.240000e-01 9.290000e-01 -9.240000e-01 9.290000e-01 -9.240000e-01 -6.655398e-05
233 -2 -2 2 2 2 2 2 2 -1.333333e+00 -1.333333e+00 -2 -2 -2 -2 -2 -2 9.290000e-01 -9.240000e-01 9.290000e-01 -9.240000e-01 9.290000e-01 -9.240000e-01 -1.493611e-04
234 -2 -2 2 2 2 2 2 2 -6.666667e-01 -6.666667e-01 -2 -2 -2 -2 -2 -2 9.290000e-01 -9.240000e-01 9.290000e-01 -9.240000e-01 9.290000e-01 -9.240000e-01 -3.567995e-04
235 -2 -2 2 2 2 2 2 2 0 0 -2 -2 -2 -2 -2 -2 9.290000e-01 -9.240000e-01 9.290000e-01 -9.240000e-01 9.290000e-01 -9.240000e-01 -5.837901e-04
236 -2 -2 2 2 2 2 2 2 6.666667e-01 6.666667e-01 -2 -2 -2 -2 -2 -2 9.290000e-01 -9.240000e-01 9.290000e-01 -9.240000e-01 9.290000e-01 -9.240000e-01 -7.526110e-04
237 -2 -2 2 2 2 2 2 2 1.333333e+00 1.333333e+00 -2 -2 -2 -2 -2 -2 9.290000e-01 -9.240000e-01 9.290000e-01 -9.240000e-01 9.290000e-01 -9.240000e-01 -8.099040e-04
238 -2 -2 2 2 2 2 2 2 2 2 -2 -2 -2 -2 -2 -2 9.290000e-01 -9.240000e-01 9.290000e-01 -9.240000e-01 9.290000e-01 -9.240000e-01 -8.286396e-04
239 -2 -2 2 2 2 2 2 2 2 2 -2 -2 -2 -2 -2 -2 9.290000e-01 -9.240000e-01 9.290000e-01 -9.240000e-01 9.290000e-01 -9.240000e-01 -8.286397e-04
240 -1.333333e+00 -1.333333e+00 1.333333e+00 1.333333e+00 1.333333e+00 1.333333e+00 1.333333e+00 1.333333e+00 2 2 -1.333333e+00 -1.333333e+00 -1.333333e+00 -1.333333e+00 -1.333333e+00 -1.333333e+00 9.290000e-01 -9.240000e-01 9.290000e-01 -9.240000e-01 9.290000e-01 -9.240000e-01 1.124584e-04
241 -6.666667e-01 -6.666667e-01 6.666667e-01 6.666667e-01 6.666667e-01 6.666667e-01 6.666667e-01 6.666667e-01 2 2 -6.666667e-01 -6.666667e-01 -6.666667e-01 -6.666667e-01 -6.666667e-01 -6.666667e-01 9.290000e-01 -9.240000e-01 9.290000e-01 -9.240000e-01 9.290000e-01 -9.240000e-01 -1.066493e-02
242 0 0 0 0 0 0 0 0 2 2 0 0 0 0 0 0 9.290000e-01 -9.240000e-01 9.290000e-01 -9.240000e-01 9.290000e-01 -9.240000e-01 -8.464375e-02
243 6.666667e-01 6.666667e-01 -6.666667e-01 -6.666667e-01 -6.666667e-01 -6.666667e-01 -6.666667e-01 -6.666667e-01 2 2 6.666667e-01 6.666667e-01 6.666667e-01 6.666667e-01 6.666667e-01 6.666667e-01 9.290000e-01 -9.240000e-01 9.290000e-01 -9.240000e-01 9.290000e-01 -9.240000e-01 -6.952416e-02
244 1.333333e+00 1.333333e+00 -1.333333e+00 -1.333333e+00 -1.333333e+00 -1.333333e+00 -1.333333e+00 -1.333333e+00 2 2 1.333333e+00 1.333333e+00 1.333333e+00 1.333333e+00 1.333333e+00 1.333333e+00 9.290000e-01 -9.240000e-01 9.290000e-01 -9.240000e-01 9.290000e-01 -9.240000e-01 -5.758002e-02
245 2 2 -2 -2 -2 -2 -2 -2 2 2 2 2 2 2 2 2 9.290000e-01 -9.240000e-01 9.290000e-01 -9.240000e-01 9.290000e-01 -9.240000e-01 -5.976647e-02
246 2 2 -2 -2 -2 -2 -2 -2 2 2 2 2 2 2 2 2 9.290000e-01 -9.240000e-01 9.290000e-01 -9.240000e-01 9.290000e-01 -9.240000e-01 -5.976687e-02
247 2 2 -2 -2 -2 -2 -2 -2 1.333333e+00 1.333333e+00 2 2 2 2 2 2 9.290000e-01 -9.240000e-01 9.290000e-01 -9.240000e-01 9.290000e-01 -9.240000e-01 -5.978040e-02
248 2 2 -2 -2 -2 -2 -2 -2 6.666667e-01 6.666667e-01 2 2 2 2 2 2 9.290000e-01 -9.240000e-01 9.290000e-01 -9.240000e-01 9.290000e-01 -9.240000e-01 -5.979725e-02
249 2 2 -2 -2 -2 -2 -2 -2 0 0 2 2 2 2 2 2 9.290000e-01 -9.240000e-01 9.290000e-01 -9.240000e-01 9.290000e-01 -9.240000e-01 -5.980776e-02
250 2 2 -2 -2 -2 -2 -2 -2 -6.666667e-01 -6.666667e-01 2 2 2 2 2 2 9.290000e-01 -9.240000e-01 9.290000e-01 -9.240000e-01 9.290000e-01 -9.240000e-01 -5.980836e-02
251 2 2 -2 -2 -2 -2 -2 -2 -1.333333e+00 -1.333333e+00 2 2 2 2 2 2 9.290000e-01 -9.240000e-01 9.290000e-01 -9.240000e-01 9.290000e-01 -9.240000e-01 -5.989802e-02
252 2 2 -2 -2 -2 -2 -2 -2 -2 -2 2 2 2 2 2 2 9.290000e-01 -9.240000e-01 9.290000e-01 -9.240000e-01 9.290000e-01 -9.240000e-01 -5.984214e-02
253 2 2 -2 -2 -2 -2 -2 -2 -2 -2 2 2 2 2 2 2 9.290000e-01 -9.240000e-01 9.290000e-01 -9.240000e-01 9.290000e-01 -9.240000e-01 -5.983947e-02
254 1.333333e+00 1.333333e+00 -1.333333e+00 -1.333333e+00 -1.333333e+00 -1.333333e+00 -1.333333e+00 -1.333333e+00 -2 -2 1.333333e+00 1.333333e+00 1.333333e+00 1.333333e+00 1.333333e+00 1.333333e+00 9.290000e-01 -9.240000e-01 9.290000e-01 -9.240000e-01 9.290000e-01 -9.240000e-01 -5.460058e-02
255 6.666667e-01 6.666667e-01 -6.666667e-01 -6.666667e-01 -6.666667e-01 -6.666667e-01 -6.666667e-01 -6.666667e-01 -2 -2 6.666667e-01 6.666667e-01 6.666667e-01 6.666667e-01 6.666667e-01 6.666667e-01 9.290000e-01 -9.240000e-01 9.290000e-01 -9.240000e-01 9.290000e-01 -9.240000e-01 -6.952235e-02
256 0 0 0 0 0 0 0 0 -2 -2 0 0 0 0 0 0 9.290000e-01 -9.240000e-01 9.290000e-01 -9.240000e-01 9.290000e-01 -9.240000e-01 -8.429574e-02
257 -6.666667e-01 -6.666667e-01 6.666667e-01 6.666667e-01 6.666667e-01 6.666667e-01 6.666667e-01 6.666667e-01 -2 -2 -6.666667e-01 -6.666667e-01 -6.666667e-01 -6.666667e-01 -6.666667e-01 -6.666667e-01 9.290000e-01 -9.240000e-01 9.290000e-01 -9.240000e-01 9.290000e-01 -9.240000e-01 1.037816e-02
258 -1.333333e+00 -1.333333e+00 1.333333e+00 1.333333e+00 1.333333e+00 1.333333e+00 1.333333e+00 1.333333e+00 -2 -2 -1.333333e+00 -1.333333e+00 -1.333333e+00 -1.333333e+00 -1.333333e+00 -1.333333e+00 9.290000e-01 -9.240000e-01 9.290000e-01 -9.240000e-01 9.290000e-01 -9.240000e-01 3.564659e-04
259 -2 -2 2 2 2 2 2 2 -2 -2 -2 -2 -2 -2 -2 -2 9.290000e-01 -9.240000e-01 9.290000e-01 -9.240000e-01 9.290000e-01 -9.240000e-01 -6.655455e-05
260 -2 -2 2 2 2 2 2 2 -2 -2 -2 -2 -2 -2 -2 -2 9.290000e-01 -9.240000e-01 9.290000e-01 -9.240000e-01 9.290000e-01 -9.240000e-01 -6.655398e-05
261 -2 -2 2 2 2 2 2 2 -1.333333e+00 -1.333333e+00 -2 -2 -2 -2 -2 -2 9.290000e-01 -9.240000e-01 9.290000e-01 -9.240000e-01 9.290000e-01 -9.240000e-01 -1.493611e-04
262 -2 -2 2 2 2 2 2 2 -6.666667e-01 -6.666667e-01 -2 -2 -2 -2 -2 -2 9.290000e-01 -9.240000e-01 9.290000e-01 -9.240000e-01 9.290000e-01 -9.240000e-01 -3.567995e-04
263 -2 -2 2 2 2 2 2 2 0 0 -2 -2 -2 -2 -2 -2 9.290000e-01 -9.240000e-01 9.290000e-01 -9.240000e-01 9.290000e-01 -9.240000e-01 -5.837901e-04
264 -2 -2 2 2 2 2 2 2 6.666667e-01 6.666667e-01 -2 -2 -2 -2 -2 -2 9.290000e-01 -9.240000e-01 9.290000e-01 -9.240000e-01 9.290000e-01 -9.240000e-01 -7.526110e-04
265 -2 -2 2 2 2 2 2 2 1.333333e+00 1.333333e+00 -2 -2 -2 -2 -2 -2 9.290000e-01 -9.240000e-01 9.290000e-01 -9.240000e-01 9.290000e-01 -9.240000e-01 -8.099040e-04
266 -2 -2 2 2 2 2 2 2 2 2 -2 -2 -2 -2 -2 -2 9.290000e-01 -9.240000e-01 9.290000e-01 -9.240000e-01 9.290000e-01 -9.240000e-01 -8.286396e-04
267 -2 -2 2 2 2 2 2 2 2 2 -2 -2 -2 -2 -2 -2 9.290000e-01 -9.240000e-01 9.290000e-01 -9.240000e-01 9.290000e-01 -9.240000e-01 -8.286397e-04
268 -1.333333e+00 -1.333333e+00 1.333333e+00 1.333333e+00 1.333333e+00 1.333333e+00 1.333333e+00 1.333333e+00 2 2 -1.333333e+00 -1.333333e+00 -1.333333e+00 -1.333333e+00 -1.333333e+00 -1.333333e+00 9.290000e-01 -9.240000e-01 9.290000e-01 -9.240000e-01 9.290000e-01 -9.240000e-01 1.124584e-04
269 -6.666667e-01 -6.666667e-01 6.666667e-01 6.666667e-01 6.666667e-01 6.666667e-01 6.666667e-01 6.666667e-01 2 2 -6.666667e-01 -6.666667e-01 -6.666667e-01 -6.666667e-01 -6.666667e-01 -6.666667e-01 9.290000e-01 -9.240000e-01 9.290000e-01 -9.240000e-01 9.290000e-01 -9.240000e-01 -1.066493e-02
270 0 0 0 0 0 0 0 0 2 2 0 0 0 0 0 0 9.290000e-01 -9.240000e-01 9.290000e-01 -9.240000e-01 9.290000e-01 -9.240000e-01 -8.464375e-02
271 6.666667e-01 6.666667e-01 -6.666667e-01 -6.666667e-01 -6.666667e-01 -6.666667e-01 -6.666667e-01 -6.666667e-01 2 2 6.666667e-01 6.666667e-01 6.666667e-01 6.666667e-01 6.666667e-01 6.666667e-01 9.290000e-01 -9.240000e-01 9.290000e-01 -9.240000e-01 9.290000e-01 -9.240000e-01 -6.952416e-02
272 1.333333e+00 1.333333e+00 -1.333333e+00 -1.333333e+00 -1.333333e+00 -1.333333e+00 -1.333333e+00 -1.333333e+00 2 2 1.333333e+00 1.333333e+00 1.333333e+00 1.333333e+00 1.333333e+00 1.333333e+00 9.290000e-01 -9.240000e-01 9.290000e-01 -9.240000e-01 9.290000e-01 -9.240000e-01 -5.758002e-02
273 2 2 -2 -2 -2 -2 -2 -2 2 2 2 2 2 2 2 2 9.290000e-01 -9.240000e-01 9.290000e-01 -9.240000e-01 9.290000e-01 -9.240000e-01 -5.976647e-02
274 2 2 -2 -2 -2 -2 -2 -2 2 2 2 2 2 2 2 2 9.290000e-01 -9.240000e-01 9.290000e-01 -9.240000e-01 9.290000e-01 -9.240000e-01 -5.976687e-02
275 2 2 -2 -2 -2 -2 -2 -2 1.333333e+00 1.333333e+00 2 2 2 2 2 2 9.290000e-01 -9.240000e-01 9.290000e-01 -9.240000e-01 9.290000e-01 -9.240000e-01 -5.978040e-02
276 2 2 -2 -2 -2 -2 -2 -2 6.666667e-01 6.666667e-01 2 2 2 2 2 2 9.290000e-01 -9.240000e-01 9.290000e-01 -9.240000e-01 9.290000e-01 -9.240000e-01 -5.979725e-02
277 2 2 -2 -2 -2 -2 -2 -2 0 0 2 2 2 2 2 2 9.290000e-01 -9.240000e-01 9.290000e-01 -9.240000e-01 9.290000e-01 -9.240000e-01 -5.980776e-02
278 2 2 -2 -2 -2 -2 -2 -2 -6.666667e-01 -6.666667e-01 2 2 2 2 2 2 9.290000e-01 -9.240000e-01 9.290000e-01 -9.240000e-01 9.290000e-01 -9.240000e-01 -5.980836e-02
279 2 2 -2 -2 -2 -2 -2 -2 -1.333333e+00 -1.333333e+00 2 2 2 2 2 2 9.290000e-01 -9.240000e-01 9.290000e-01 -9.240000e-01 9.290000e-01 -9.240000e-01 -5.989802e-02
280 2 2 -2 -2 -2 -2 -2 -2 -2 -2 2 2 2 2 2 2 9.290000e-01 -9.240000e-01 9.290000e-01 -9.240000e-01 9.290000e-01 -9.240000e-01 -5.984214e-02
281 2 2 -2 -2 -2 -2 -2 -2 -2 -2 2 2 2 2 2 2 9.290000e-01 -9.240000e-01 9.290000e-01 -9.240000e-01 9.290000e-01 -9.240000e-01 -5.983947e-02
282 1.333333e+00 1.333333e+00 -1.333333e+00 -1.333333e+00 -1.333333e+00 -1.333333e+00 -1.333333e+00 -1.333333e+00 -2 -2 1.333333e+00 1.333333e+00 1.333333e+00 1.333333e+00 1.333333e+00 1.333333e+00 9.290000e-01 -9.240000e-01 9.290000e-01 -9.240000e-01 9.290000e-01 -9.240000e-01 -5.460058e-02
283 6.666667e-01 6.666667e-01 -6.666667e-01 -6.666667e-01 -6.666667e-01 -6.666667e-01 -6.666667e-01 -6.666667e-01 -2 -2 6.666667e-01 6.666667e-01 6.666667e-01 6.666667e-01 6.666667e-01 6.666667e-01 9.290000e-01 -9.240000e-01 9.290000e-01 -9.240000e-01 9.290000e-01 -9.240000e-01 -6.952235e-02
284 0 0 0 0 0 0 0 0 -2 -2 0 0 0 0 0 0 9.290000e-01 -9.240000e-01 9.290000e-01 -9.240000e-01 9.290000e-01 -9.240000e-01 -8.429574e-02
285 -6.666667e-01 -6.666667e-01 6.666667e-01 6.666667e-01 6.666667e-01 6.666667e-01 6.666667e-01 6.666667e-01 -2 -2 -6.666667e-01 -6.666667e-01 -6.666667e-01 -6.666667e-01 -6.666667e-01 -6.666667e-01 9.290000e-01 -9.240000e-01 9.290000e-01 -9.240000e-01 9.290000e-01 -9.240000e-01 1.037816e-02
286 -1.333333e+00 -1.333333e+00 1.333333e+00 1.333333e+00 1.333333e+00 1.333333e+00 1.333333e+00 1.333333e+00 -2 -2 -1.333333e+00 -1.333333e+00 -1.333333e+00 -1.333333e+00 -1.333333e+00 -1.333333e+00 9.290000e-01 -9.240000e-01 9.290000e-01 -9.240000e-01 9.290000e-01 -9.240000e-01 3.564659e-04
287 -2 -2 2 2 2 2 2 2 -2 -2 -2 -2 -2 -2 -2 -2 9.290000e-01 -9.240000e-01 9.290000e-01 -9.240000e-01 9.290000e-01 -9.240000e-01 -6.655455e-05
288 -2 -2 2 2 2 2 2 2 -2 -2 -2 -2 -2 -2 -2 -2 9.290000e-01 -9.240000e-01 9.290000e-01 -9.240000e-01 9.290000e-01 -9.240000e-01 -6.655398e-05
289 -2 -2 2 2 2 2 2 2 -1.333333e+00 -1.333333e+00 -2 -2 -2 -2 -2 -2 9.290000e-01 -9.240000e-01 9.290000e-01 -9.240000e-01 9.290000e-01 -9.240000e-01 -1.493611e-04
290 -2 -2 2 2 2 2 2 2 -6.666667e-01 -6.666667e-01 -2 -2 -2 -2 -2 -2 9.290000e-01 -9.240000e-01 9.290000e-01 -9.240000e-01 9.290000e-01 -9.240000e-01 -3.567995e-04
291 -2 -2 2 2 2 2 2 2 0 0 -2 -2 -2 -2 -2 -2 9.290000e-01 -9.240000e-01 9.290000e-01 -9.240000e-01 9.290000e-01 -9.240000e-01 -5.837901e-04
292 -2 -2 2 2 2 2 2 2 6.666667e-01 6.666667e-01 -2 -2 -2 -2 -2 -2 9.290000e-01 -9.240000e-01 9.290000e-01 -9.240000e-01 9.290000e-01 -9.240000e-01 -7.526110e-04
293 -2 -2 2 2 2 2 2 2 1.333333e+00 1.333333e+00 -2 -2 -2 -2 -2 -2 9.290000e-01 -9.240000e-01 9.290000e-01 -9.240000e-01 9.290000e-01 -9.240000e-01 -8.099040e-04
294 -2 -2 2 2 2 2 2 2 2 2 -2 -2 -2 -2 -2 -2 9.290000e-01 -9.240000e-01 9.290000e-01 -9.240000e-01 9.290000e-01 -9.240000e-01 -8.286396e-04
295 -2 -2 2 2 2 2 2 2 2 2 -2 -2 -2 -2 -2 -2 9.290000e-01 -9.240000e-01 9.290000e-01 -9.240000e-01 9.290000e-01 -9.240000e-01 -8.286397e-04
296 -1.333333e+00 -1.333333e+00 1.333333e+00 1.333333e+00 1.333333e+00 1.333333e+00 1.333333e+00 1.333333e+00 2 2 -1.333333e+00 -1.333333e+00 -1.333333e+00 -1.333333e+00 -1.333333e+00 -1.333333e+00 9.290000e-01 -9.240000e-01 9.290000e-01 -9.240000e-01 9.290000e-01 -9.240000e-01 1.124584e-04
297 -6.666667e-01 -6.666667e-01 6.666667e-01 6.666667e-01 6.666667e-01 6.666667e-01 6.666667e-01 6.666667e-01 2 2 -6.666667e-01 -6.666667e-01 -6.666667e-01 -6.666667e-01 -6.666667e-01 -6.666667e-01 9.290000e-01 -9.240000e-01 9.290000e-01 -9.240000e-01 9.290000e-01 -9.240000e-01 -1.066493e-02
298 0 0 0 0 0 0 0 0 2 2 0 0 0 0 0 0 9.290000e-01 -9.240000e-01 9.290000e-01 -9.240000e-01 9.290000e-01 -9.240000e-01 -8.464375e-02
299 6.666667e-01 6.666667e-01 -6.666667e-01 -6.666667e-01 -6.666667e-01 -6.666667e-01 -6.666667e-01 -6.666667e-01 2 2 6.666667e-01 6.666667e-01 6.666667e-01 6.666667e-01 6.666667e-01 6.666667e-01 9.290000e-01 -9.240000e-01 9.290000e-01 -9.240000e-01 9.290000e-01 -9.240000e-01 -6.952416e-02
300 1.333333e+00 1.333333e+00 -1.333333e+00 -1.333333e+00 -1.333333e+00 -1.333333e+00 -1.333333e+00 -1.333333e+00 2 2 1.333333e+00 1.333333e+00 1.333333e+00 1.333333e+00 1.333333e+00 1.333333e+00 9.290000e-01 -9.240000e-01 9.290000e-01 -9.240000e-01 9.290000e-01 -9.240000e-01 -5.758002e-02
301 2 2 -2 -2 -2 -2 -2 -2 2 2 2 2 2 2 2 2 9.290000e-01 -9.240000e-01 9.290000e-01 -9.240000e-01 9.290000e-01 -9.240000e-01 -5.976647e-02
302 2 2 -2 -2 -2 -2 -2 -2 2 2 2 2 2 2 2 2 9.290000e-01 -9.240000e-01 9.290000e-01 -9.240000e-01 9.290000e-01 -9.240000e-01 -5.976687e-02
303 2 2 -2 -2 -2 -2 -2 -2 1.333333e+00 1.333333e+00 2 2 2 2 2 2 9.290000e-01 -9.240000e-01 9.290000e-01 -9.240000e-01 9.290000e-01 -9.240000e-01 -5.978040e-02
304 2 2 -2 -2 -2 -2 -2 -2 6.666667e-01 6.666667e-01 2 2 2 2 2 2 9.290000e-01 -9.240000e-01 9.290000e-01 -9.240000e-01 9.290000e-01 -9.240000e-01 -5.979725e-02
305 2 2 -2 -2 -2 -2 -2 -2 0 0 2 2 2 2 2 2 9.290000e-01 -9.240000e-01 9.290000e-01 -9.240000e-01 9.290000e-01 -9.240000e-01 -5.980776e-02
306 2 2 -2 -2 -2 -2 -2 -2 -6.666667e-01 -6.666667e-01 2 2 2 2 2 2 9.290000e-01 -9.240000e-01 9.290000e-01 -9.240000e-01 9.290000e-01 -9.240000e-01 -5.980836e-02
307 2 2 -2 -2 -2 -2 -2 -2 -1.333333e+00 -1.333333e+00 2 2 2 2 2 2 9.290000e-01 -9.240000e-01 9.290000e-01 -9.240000e-01 9.290000e-01 -9.240000e-01 -5.989802e-02
308 2 2 -2 -2 -2 -2 -2 -2 -2 -2 2 2 2 2 2 2 9.290000e-01 -9.240000e-01 9.290000e-01 -9.240000e-01 9.290000e-01 -9.240000e-01 -5.984214e-02
309 2 2 -2 -2 -2 -2 -2 -2 -2 -2 2 2 2 2 2 2 9.290000e-01 -9.240000e-01 9.290000e-01 -9.240000e-01 9.290000e-01 -9.240000e-01 -5.983947e-02
310 1.333333e+00 1.333333e+00 -1.333333e+00 -1.333333e+00 -1.333333e+00 -1.333333e+00 -1.333333e+00 -1.333333e+00 -2 -2 1.333333e+00 1.333333e+00 1.333333e+00 1.333333e+00 1.333333e+00 1.333333e+00 9.290000e-01 -9.240000e-01 9.290000e-01 -9.240000e-01 9.290000e-01 -9.240000e-01 -5.460058e-02
311 6.666667e-01 6.666667e-01 -6.666667e-01 -6.666667e-01 -6.666667e-01 -6.666667e-01 -6.666667e-01 -6.666667e-01 -2 -2 6.666667e-01 6.666667e-01 6.666667e-01 6.666667e-01 6.666667e-01 6.666667e-01 9.290000e-01 -9.240000e-01 9.290000e-01 -9.240000e-01 9.290000e-01 -9.240000e-01 -6.952235e-02
312 0 0 0 0 0 0 0 0 -2 -2 0 0 0 0 0 0 9.290000e-01 -9.240000e-01 9.290000e-01 -9.240000e-01 9.290000e-01 -9.240000e-01 -8.429574e-02
313 -6.666667e-01 -6.666667e-01 6.666667e-01 6.666667e-01 6.666667e-01 6.666667e-01 6.666667e-01 6.666667e-01 -2 -2 -6.666667e-01 -6.666667e-01 -6.666667e-01 -6.666667e-01 -6.666667e-01 -6.666667e-01 9.290000e-01 -9.240000e-01 9.290000e-01 -9.240000e-01 9.290000e-01 -9.240000e-01 1.037816e-02
314 -1.333333e+00 -1.333333e+00 1.333333e+00 1.333333e+00 1.333333e+00 1.333333e+00 1.333333e+00 1.333333e+00 -2 -2 -1.333333e+00 -1.333333e+00 -1.333333e+00 -1.333333e+00 -1.333333e+00 -1.333333e+00 9.290000e-01 -9.240000e-01 9.290000e-01 -9.240000e-01 9.290000e-01 -9.240000e-01 3.564659e-04
315 -2 -2 2 2 2 2 2 2 -2 -2 -2 -2 -2 -2 -2 -2 9.290000e-01 -9.240000e-01 9.290000e-01 -9.240000e-01 9.290000e-01 -9.240000e-01 -6.655455e-05
316 -2 -2 2 2 2 2 2 2 -2 -2 -2 -2 -2 -2 -2 -2 9.290000e-01 -9.240000e-01 9.290000e-01 -9.240000e-01 9.290000e-01 -9.240000e-01 -6.655398e-05
317 -2 -2 2 2 2 2 2 2 -1.333333e+00 -1.333333e+00 -2 -2 -2 -2 -2 -2 9.290000e-01 -9.240000e-01 9.290000e-01 -9.240000e-01 9.290000e-01 -9.240000e-01 -1.493611e-04
318 -2 -2 2 2 2 2 2 2 -6.666667e-01 -6.666667e-01 -2 -2 -2 -2 -2 -2 9.290000e-01 -9.240000e-01 9.290000e-01 -9.240000e-01 9.290000e-01 -9.240000e-01 -3.567995e-04
319 -2 -2 2 2 2 2 2 2 0 0 -2 -2 -2 -2 -2 -2 9.290000e-01 -9.240000e-01 9.290000e-01 -9.240000e-01 9.290000e-01 -9.240000e-01 -5.837901e-04
320 -2 -2 2 2 2 2 2 2 6.666667e-01 6.666667e-01 -2 -2 -2 -2 -2 -2 9.290000e-01 -9.240000e-01 9.290000e-01 -9.240000e-01 9.290000e-01 -9.240000e-01 -7.526110e-04
321 -2 -2 2 2 2 2 2 2 1.333333e+00 1.333333e+00 -2 -2 -2 -2 -2 -2 9.290000e-01 -9.240000e-01 9.290000e-01 -9.240000e-01 9.290000e-01 -9.240000e-01 -8.099040e-04
322 -2 -2 2 2 2 2 2 2 2 2 -2 -2 -2 -2 -2 -2 9.290000e-01 -9.240000e-01 9.290000e-01 -9.240000e-01 9.290000e-01 -9.240000e-01 -8.286396e-04
323 -2 -2 2 2 2 2 2 2 2 2 -2 -2 -2 -2 -2 -2 9.290000e-01 -9.240000e-01 9.290000e-01 -9.240000e-01 9.290000e-01 -9.240000e-01 -8.286397e-04
324 -1.333333e+00 -1.333333e+00 1.333333e+00 1.333333e+00 1.333333e+00 1.333333e+00 1.333333e+00 1.333333e+00 2 2 -1.333333e+00 -1.333333e+00 -1.333333e+00 -1.333333e+00 -1.333333e+00 -1.333333e+00 9.290000e-01 -9.240000e-01 9.290000e-01 -9.240000e-01 9.290000e-01 -9.240000e-01 1.124584e-04
325 -6.666667e-01 -6.666667e-01 6.666667e-01 6.666667e-01 6.666667e-01 6.666667e-01 6.666667e-01 6.666667e-01 2 2 -6.666667e-01 -6.666667e-01 -6.666667e-01 -6.666667e-01 -6.666667e-01 -6.666667e-01 9.290000e-01 -9.240000e-01 9.290000e-01 -9.240000e-01 9.290000e-01 -9.240000e-01 -1.066493e-02
326 0 0 0 0 0 0 0 0 2 2 0 0 0 0 0 0 9.290000e-01 -9.240000e-01 9.290000e-01 -9.240000e-01 9.290000e-01 -9.240000e-01 -8.464375e-02
327 6.666667e-01 6.666667e-01 -6.666667e-01 -6.666667e-01 -6.666667e-01 -6.666667e-01 -6.666667e-01 -6.666667e-01 2 2 6.666667e-01 6.666667e-01 6.666667e-01 6.666667e-01 6.666667e-01 6.666667e-01 9.290000e-01 -9.240000e-01 9.290000e-01 -9.240000e-01 9.290000e-01 -9.240000e-01 -6.952416e-02
328 1.333333e+00 1.333333e+00 -1.333333e+00 -1.333333e+00 -1.333333e+00 -1.333333e+00 -1.333333e+00 -1.333333e+00 2 2 1.333333e+00 1.333333e+00 1.333333e+00 1.333333e+00 1.333333e+00 1.333333e+00 9.290000e-01 -9.240000e-01 9.290000e-01 -9.240000e-01 9.290000e-01 -9.240000e-01 -5.758002e-02
329 2 2 -2 -2 -2 -2 -2 -2 2 2 2 2 2 2 2 2 9.290000e-01 -9.240000e-01 9.290000e-01 -9.240000e-01 9.290000e-01 -9.240000e-01 -5.976647e-02
330 2 2 -2 -2 -2 -2 -2 -2 2 2 2 2 2 2 2 2 9.290000e-01 -9.240000e-01 9.290000e-01 -9.240000e-01 9.290000e-01 -9.240000e-01 -5.976687e-02
331 2 2 -2 -2 -2 -2 -2 -2 1.333333e+00 1.333333e+00 2 2 2 2 2 2 9.290000e-01 -9.240000e-01 9.290000e-01 -9.240000e-01 9.290000e-01 -9.240000e-01 -5.978040e-02
332 2 2 -2 -2 -2 -2 -2 -2 6.666667e-01 6.666667e-01 2 2 2 2 2 2 9.290000e-01 -9.240000e-01 9.290000e-01 -9.240000e-01 9.290000e-01 -9.240000e-01 -5.979725e-02
333 2 2 -2 -2 -2 -2 -2 -2 0 0 2 2 2 2 2 2 9.290000e-01 -9.240000e-01 9.290000e-01 -9.240000e-01 9.290000e-01 -9.240000e-01 -5.980776e-02
334 2 2 -2 -2 -2 -2 -2 -2 -6.666667e-01 -6.666667e-01 2 2 2 2 2 2 9.290000e-01 -9.240000e-01 9.290000e-01 -9.240000e-01 9.290000e-01 -9.240000e-01 -5.980836e-02
335 2 2 -2 -2 -2 -2 -2 -2 -1.333333e+00 -1.333333e+00 2 2 2 2 2 2 9.290000e-01 -9.240000e-01 9.290000e-01 -9.240000e-01 9.290000e-01 -9.240000e-01 -5.989802e-02
336 2 2 -2 -2 -2 -2 -2 -2 -2 -2 2 2 2 2 2 2 9.290000e-01 -9.240000e-01 9.290000e-01 -9.240000e-01 9.290000e-01 -9.240000e-01 -5.984214e-02
337 2 2 -2 -2 -2 -2 -2 -2 -2 -2 2 2 2 2 2 2 9.290000e-01 -9.240000e-01 9.290000e-01 -9.240000e-01 9.290000e-01 -9.240000e-01 -5.983947e-02
338 1.333333e+00 1.333333e+00 -2 -2 -2 -2 -2 -2 -2 -2 1.333333e+00 1.333333e+00 1.333333e+00 1.333333e+00 1.333333e+00 1.333333e+00 9.290000e-01 -9.240000e-01 9.290000e-01 -9.240000e-01 9.290000e-01 -9.240000e-01 -5.444312e-02
339 6.666667e-01 6.666667e-01 -2 -2 -2 -2 -2 -2 -2 -2 6.666667e-01 6.666667e-01 6.666667e-01 6.666667e-01 6.666667e-01 6.666667e-01 9.290000e-01 -9.240000e-01 9.290000e-01 -9.240000e-01 9.290000e-01 -9.240000e-01 -6.912132e-02
340 0 0 -2 -2 -2 -2 -2 -2 -2 -2 0 0 0 0 0 0 9.290000e-01 -9.240000e-01 9.290000e-01 -9.240000e-01 9.290000e-01 -9.240000e-01 -8.549010e-02
341 -6.666667e-01 -6.666667e-01 -2 -2 -2 -2 -2 -2 -2 -2 -6.666667e-01 -6.666667e-01 -6.666667e-01 -6.666667e-01 -6.666667e-01 -6.666667e-01 9.290000e-01 -9.240000e-01 9.290000e-01 -9.240000e-01 9.290000e-01 -9.240000e-01 -9.185334e-03
342 -1.333333e+00 -1.333333e+00 -2 -2 -2 -2 -2 -2 -2 -2 -1.333333e+00 -1.333333e+00 -1.333333e+00 -1.333333e+00 -1.333333e+00 -1.333333e+00 9.290000e-01 -9.240000e-01 9.290000e-01 -9.240000e-01 9.290000e-01 -9.240000e-01 1.212929e-03
343 -2 -2 -2 -2 -2 -2 -2 -2 -2 -2 -2 -2 -2 -2 -2 -2 9.290000e-01 -9.240000e-01 9.290000e-01 -9.240000e-01 9.290000e-01 -9.240000e-01 7.808949e-04
344 -2 -2 -2 -2 -2 -2 -2 -2 -2 -2 -2 -2 -2 -2 -2 -2 9.290000e-01 -9.240000e-01 9.290000e-01 -9.240000e-01 9.290000e-01 -9.240000e-01 7.808884e-04
345 -2 -2 -2 -2 -2 -2 -2 -2 -2 -2 -2 -2 -2 -2 -2 -2 9.290000e-01 -9.240000e-01 9.290000e-01 -9.240000e-01 9.290000e-01 -9.240000e-01 7.808860e-04
346 -2 -2 -2 -2 -2 -2 -2 -2 -2 -2 -2 -2 -2 -2 -2 -2 9.290000e-01 -9.240000e-01 9.290000e-01 -9.240000e-01 9.290000e-01 -9.240000e-01 7.808852e-04
347 -2 -2 -2 -2 -2 -2 -2 -2 -2 -2 -2 -2 -2 -2 -2 -2 9.290000e-01 -9.240000e-01 9.290000e-01 -9.240000e-01 9.290000e-01 -9.240000e-01 7.808849e-04
348 -2 -2 -2 -2 -2 -2 -2 -2 -2 -2 -2 -2 -2 -2 -2 -2 9.290000e-01 -9.240000e-01 9.290000e-01 -9.240000e-01 9.290000e-01 -9.240000e-01 7.808848e-04
349 -2 -2 -2 -2 -2 -2 -2 -2 -2 -2 -2 -2 -2 -2 -2 -2 9.290000e-01 -9.240000e-01 9.290000e-01 -9.240000e-01 9.290000e-01 -9.240000e-01 7.808848e-04
350 -2 -2 -2 -2 -2 -2 -2 -2 -2 -2 -2 -2 -2 -2 -2 -2 9.290000e-01 -9.240000e-01 9.290000e-01 -9.240000e-01 9.290000e-01 -9.240000e-01 7.808847e-04