            5       -0.108        0.808       -0.221            0
            4       -0.102        0.801       -0.219            0
            3       -0.096        0.795       -0.218            0
            2        -0.09        0.787       -0.215            0
          1.8       -0.089        0.786        0.303            0
          1.5       -0.087        0.784        0.303            0
          1.2       -0.065        0.374         0.69            0
            1       -0.048       -0.014        0.571            0
            0       -0.041       -0.025        0.574            0
           -1       -0.029       -0.031        0.572            0
         -1.2        0.361       -0.047        0.686            0
         -1.5        0.777       -0.068         0.29            0
         -1.8         0.78       -0.069        0.289            0
           -2        0.781        -0.07       -0.207            0
           -3        0.789       -0.076       -0.208            0
           -4        0.797       -0.081        -0.21            0
           -5        0.804       -0.086       -0.211            0
