   1.960785366341065   0.079583000000000   0.920415000000000                   0                   0
   1.694649612794553   0.082232000000000   0.917768000000000                   0                   0
   1.428513859248042   0.084785000000000   0.915216000000000                   0                   0
   1.162378105701531   0.087578000000000   0.912423000000000                   0                   0
   0.896242352155019   0.090856000000000   0.909143000000000                   0                   0
   0.630106598608508   0.114523000000000   0.885476000000000                   0                   0
   0.497038721835252   0.184892000000000   0.815109000000000                   0                   0
   0.363970845061997   0.262611000000000   0.737393000000000                   0                   0
   0.230902968288741   0.340641000000000   0.659361000000000                   0                   0
   0.097835091515485   0.420584000000000   0.579416000000000                   0                   0
  -0.035232785257770   0.498869000000000   0.501129000000000                   0                   0
  -0.168300662031026   0.558076000000000   0.441926000000000                   0                   0
  -0.301368538804281   0.648064000000000   0.351936000000000                   0                   0
  -0.434436415577537   0.720765000000000   0.279235000000000                   0                   0
  -0.567504292350793   0.817675000000000   0.182325000000000                   0                   0
  -0.700572169124049   0.883963000000000   0.116037000000000                   0                   0
  -0.833640045897304   0.906258000000000   0.093743000000000                   0                   0
  -0.966707922670560   0.885874000000000   0.114126000000000                   0                   0
  -1.099775799443815   0.911506000000000   0.088495000000000                   0                   0
  -1.232843676217071   0.913012000000000   0.086989000000000                   0                   0
  -1.498979429763583   0.915964000000000   0.084038000000000                   0                   0
  -1.765115183310093   0.918466000000000   0.081535000000000                   0                   0
  -2.031250936856606   0.921123000000000   0.078877000000000                   0                   0