           -2      0.99357    0.0064294            0      0
      -1.9596      0.99289    0.0071137            0      0
      -1.9192      0.99213    0.0078702            0      0
      -1.8788      0.99129    0.0087065            0      0
      -1.8384      0.99037    0.0096308            0      0
       -1.798      0.98935     0.010652            0      0
      -1.7576      0.98822      0.01178            0      0
      -1.7172      0.98697     0.013027            0      0
      -1.6768       0.9856     0.014403            0      0
      -1.6364      0.98408     0.015922            0      0
       -1.596       0.9824     0.017599            0      0
      -1.5556      0.98055     0.019449            0      0
      -1.5152      0.97851     0.021489            0      0
      -1.4747      0.97626     0.023738            0      0
      -1.4343      0.97378     0.026215            0      0
      -1.3939      0.97106     0.028944            0      0
      -1.3535      0.96805     0.031947            0      0
      -1.3131      0.96475     0.035251            0      0
      -1.2727      0.96112     0.038883            0      0
      -1.2323      0.95713     0.042872            0      0
      -1.1919      0.95275     0.047251            0      0
      -1.1515      0.94795     0.052052            0      0
      -1.1111      0.94269     0.057312            0      0
      -1.0707      0.93693     0.063067            0      0
      -1.0303      0.93064     0.069359            0      0
      -0.9899      0.92377     0.076227            0      0
     -0.94949      0.91629     0.083714            0      0
     -0.90909      0.90814     0.091863            0      0
     -0.86869      0.89928      0.10072            0      0
     -0.82828      0.88968      0.11032            0      0
     -0.78788      0.87928      0.12072            0      0
     -0.74747      0.86805      0.13195            0      0
     -0.70707      0.85594      0.14406            0      0
     -0.66667      0.84292      0.15708            0      0
     -0.62626      0.82897      0.17103            0      0
     -0.58586      0.81404      0.18596            0      0
     -0.54545      0.79813      0.20187            0      0
     -0.50505      0.78123      0.21877            0      0
     -0.46465      0.76333      0.23667            0      0
     -0.42424      0.74444      0.25556            0      0
     -0.38384      0.72459      0.27541            0      0
     -0.34343      0.70381      0.29619            0      0
     -0.30303      0.68216      0.31784            0      0
     -0.26263      0.65968      0.34032            0      0
     -0.22222      0.63646      0.36354            0      0
     -0.18182      0.61259      0.38741            0      0
     -0.14141      0.58817      0.41183            0      0
     -0.10101       0.5633       0.4367            0      0
    -0.060606      0.53811      0.46189            0      0
    -0.020202      0.51273      0.48727            0      0
     0.020202      0.48727      0.51273            0      0
     0.060606      0.46189      0.53811            0      0
      0.10101       0.4367       0.5633            0      0
      0.14141      0.41183      0.58817            0      0
      0.18182      0.38741      0.61259            0      0
      0.22222      0.36354      0.63646            0      0
      0.26263      0.34032      0.65968            0      0
      0.30303      0.31784      0.68216            0      0
      0.34343      0.29619      0.70381            0      0
      0.38384      0.27541      0.72459            0      0
      0.42424      0.25556      0.74444            0      0
      0.46465      0.23667      0.76333            0      0
      0.50505      0.21877      0.78123            0      0
      0.54545      0.20187      0.79813            0      0
      0.58586      0.18596      0.81404            0      0
      0.62626      0.17103      0.82897            0      0
      0.66667      0.15708      0.84292            0      0
      0.70707      0.14406      0.85594            0      0
      0.74747      0.13195      0.86805            0      0
      0.78788      0.12072      0.87928            0      0
      0.82828      0.11032      0.88968            0      0
      0.86869      0.10072      0.89928            0      0
      0.90909     0.091863      0.90814            0      0
      0.94949     0.083714      0.91629            0      0
       0.9899     0.076227      0.92377            0      0
       1.0303     0.069359      0.93064            0      0
       1.0707     0.063067      0.93693            0      0
       1.1111     0.057312      0.94269            0      0
       1.1515     0.052052      0.94795            0      0
       1.1919     0.047251      0.95275            0      0
       1.2323     0.042872      0.95713            0      0
       1.2727     0.038883      0.96112            0      0
       1.3131     0.035251      0.96475            0      0
       1.3535     0.031947      0.96805            0      0
       1.3939     0.028944      0.97106            0      0
       1.4343     0.026215      0.97378            0      0
       1.4747     0.023738      0.97626            0      0
       1.5152     0.021489      0.97851            0      0
       1.5556     0.019449      0.98055            0      0
        1.596     0.017599       0.9824            0      0
       1.6364     0.015922      0.98408            0      0
       1.6768     0.014403       0.9856            0      0
       1.7172     0.013027      0.98697            0      0
       1.7576      0.01178      0.98822            0      0
        1.798     0.010652      0.98935            0      0
       1.8384    0.0096308      0.99037            0      0
       1.8788    0.0087065      0.99129            0      0
       1.9192    0.0078702      0.99213            0      0
       1.9596    0.0071137      0.99289            0      0
            2    0.0064294      0.99357            0      0
