-0.515342 0.842622 0.192178 -0.359806 -0.674990 
-0.601227 0.878589 0.154738 -0.358424 -0.674904 
-0.687111 0.930331 0.098259 -0.353992 -0.674601 
-0.772995 0.958664 0.064894 -0.349299 -0.674258 
-0.944763 0.964741 0.062071 -0.352331 -0.674477 
-1.116532 0.968563 0.060967 -0.354931 -0.674598 
-1.288300 0.971379 0.060048 -0.356701 -0.674729 
-0.429458 0.773369 0.265045 -0.363178 -0.675236 
-0.343574 0.773369 0.265045 -0.363178 -0.675236 
-0.257690 0.668846 0.372074 -0.365531 -0.675388 
-0.171805 0.623855 0.417531 -0.365943 -0.675444 
-0.085921 0.573678 0.468134 -0.366377 -0.675433 
-0.000037 0.549441 0.492438 -0.366374 -0.675503 
0.085847 0.490836 0.551034 -0.366395 -0.675472 
0.171731 0.458345 0.583406 -0.366269 -0.675482 
0.257616 0.410472 0.631045 -0.366077 -0.675441 
0.343500 0.327573 0.712303 -0.364545 -0.675334 
0.429384 0.262807 0.774959 -0.362601 -0.675165 
0.515268 0.236620 0.801035 -0.362479 -0.675175 
0.601152 0.143388 0.887530 -0.356217 -0.674697 
0.772921 0.063438 0.958292 -0.347639 -0.674094 
0.944689 0.061019 0.964600 -0.351233 -0.674383 
1.116458 0.059861 0.968737 -0.353944 -0.674652 
1.288226 0.058901 0.971858 -0.355981 -0.674780 
