Time CK_0001a CK_0001b CK_0002a CK_0002b CK_0003a CK_0003b CK_0005a CK_0005b CK_0006a CK_0006b CK_0007a CK_0007b CK_0008a CK_0008b CK_0009a CK_0009b CK_0010a CK_0010b CK_0014a CK_0014b CK_0015a CK_0015b CK_0016a CK_0016b driver_0011a driver_0011b driver_0012a driver_0012b driver_0013a driver_0013b out_o
1 -2 -2 -2 -2 -2 -2 -2 -2 -2 -2 -2 -2 -2 -2 -2 -2 -2 -2 -2 -2 -2 -2 -2 -2 9.290000e-01 -9.240000e-01 9.290000e-01 -9.240000e-01 9.290000e-01 -9.240000e-01 7.726238e-04
2 -1.333333e+00 -1.333333e+00 -1.333333e+00 -1.333333e+00 -1.333333e+00 -1.333333e+00 -2 -2 -1.333333e+00 -1.333333e+00 -1.333333e+00 -1.333333e+00 -2 -2 -2 -2 -2 -2 -1.333333e+00 -1.333333e+00 -1.333333e+00 -1.333333e+00 -1.333333e+00 -1.333333e+00 9.290000e-01 -9.240000e-01 9.290000e-01 -9.240000e-01 9.290000e-01 -9.240000e-01 5.655923e-04
3 -6.666667e-01 -6.666667e-01 -6.666667e-01 -6.666667e-01 -6.666667e-01 -6.666667e-01 -2 -2 -6.666667e-01 -6.666667e-01 -6.666667e-01 -6.666667e-01 -2 -2 -2 -2 -2 -2 -6.666667e-01 -6.666667e-01 -6.666667e-01 -6.666667e-01 -6.666667e-01 -6.666667e-01 9.290000e-01 -9.240000e-01 9.290000e-01 -9.240000e-01 9.290000e-01 -9.240000e-01 2.784611e-04
4 0 0 0 0 0 0 -2 -2 0 0 0 0 -2 -2 -2 -2 -2 -2 0 0 0 0 0 0 9.290000e-01 -9.240000e-01 9.290000e-01 -9.240000e-01 9.290000e-01 -9.240000e-01 -4.794629e-04
5 6.666667e-01 6.666667e-01 6.666667e-01 6.666667e-01 6.666667e-01 6.666667e-01 -2 -2 6.666667e-01 6.666667e-01 6.666667e-01 6.666667e-01 -2 -2 -2 -2 -2 -2 6.666667e-01 6.666667e-01 6.666667e-01 6.666667e-01 6.666667e-01 6.666667e-01 9.290000e-01 -9.240000e-01 9.290000e-01 -9.240000e-01 9.290000e-01 -9.240000e-01 -5.241704e-04
6 1.333333e+00 1.333333e+00 1.333333e+00 1.333333e+00 1.333333e+00 1.333333e+00 -2 -2 1.333333e+00 1.333333e+00 1.333333e+00 1.333333e+00 -2 -2 -2 -2 -2 -2 1.333333e+00 1.333333e+00 1.333333e+00 1.333333e+00 1.333333e+00 1.333333e+00 9.290000e-01 -9.240000e-01 9.290000e-01 -9.240000e-01 9.290000e-01 -9.240000e-01 -9.538164e-04
7 2 2 2 2 2 2 -2 -2 2 2 2 2 -2 -2 -2 -2 -2 -2 2 2 2 2 2 2 9.290000e-01 -9.240000e-01 9.290000e-01 -9.240000e-01 9.290000e-01 -9.240000e-01 -1.242815e-03
8 2 2 2 2 2 2 -2 -2 2 2 2 2 -2 -2 -2 -2 -2 -2 2 2 2 2 2 2 9.290000e-01 -9.240000e-01 9.290000e-01 -9.240000e-01 9.290000e-01 -9.240000e-01 -1.242816e-03
9 2 2 2 2 2 2 -2 -2 2 2 2 2 -1.333333e+00 -1.333333e+00 -2 -2 -2 -2 2 2 2 2 2 2 9.290000e-01 -9.240000e-01 9.290000e-01 -9.240000e-01 9.290000e-01 -9.240000e-01 -1.064028e-03
10 2 2 2 2 2 2 -2 -2 2 2 2 2 -6.666667e-01 -6.666667e-01 -2 -2 -2 -2 2 2 2 2 2 2 9.290000e-01 -9.240000e-01 9.290000e-01 -9.240000e-01 9.290000e-01 -9.240000e-01 -9.244817e-04
11 2 2 2 2 2 2 -2 -2 2 2 2 2 0 0 -2 -2 -2 -2 2 2 2 2 2 2 9.290000e-01 -9.240000e-01 9.290000e-01 -9.240000e-01 9.290000e-01 -9.240000e-01 -9.081062e-04
12 2 2 2 2 2 2 -2 -2 2 2 2 2 6.666667e-01 6.666667e-01 -2 -2 -2 -2 2 2 2 2 2 2 9.290000e-01 -9.240000e-01 9.290000e-01 -9.240000e-01 9.290000e-01 -9.240000e-01 -8.717440e-04
13 2 2 2 2 2 2 -2 -2 2 2 2 2 1.333333e+00 1.333333e+00 -2 -2 -2 -2 2 2 2 2 2 2 9.290000e-01 -9.240000e-01 9.290000e-01 -9.240000e-01 9.290000e-01 -9.240000e-01 -8.373018e-04
14 2 2 2 2 2 2 -2 -2 2 2 2 2 2 2 -2 -2 -2 -2 2 2 2 2 2 2 9.290000e-01 -9.240000e-01 9.290000e-01 -9.240000e-01 9.290000e-01 -9.240000e-01 -8.034348e-04
15 2 2 2 2 2 2 -2 -2 2 2 2 2 2 2 -2 -2 -2 -2 2 2 2 2 2 2 9.290000e-01 -9.240000e-01 9.290000e-01 -9.240000e-01 9.290000e-01 -9.240000e-01 -8.034266e-04
16 1.333333e+00 1.333333e+00 1.333333e+00 1.333333e+00 1.333333e+00 1.333333e+00 -1.333333e+00 -1.333333e+00 1.333333e+00 1.333333e+00 1.333333e+00 1.333333e+00 2 2 -1.333333e+00 -1.333333e+00 -1.333333e+00 -1.333333e+00 1.333333e+00 1.333333e+00 1.333333e+00 1.333333e+00 1.333333e+00 1.333333e+00 9.290000e-01 -9.240000e-01 9.290000e-01 -9.240000e-01 9.290000e-01 -9.240000e-01 -1.082796e-04
17 6.666667e-01 6.666667e-01 6.666667e-01 6.666667e-01 6.666667e-01 6.666667e-01 -6.666667e-01 -6.666667e-01 6.666667e-01 6.666667e-01 6.666667e-01 6.666667e-01 2 2 -6.666667e-01 -6.666667e-01 -6.666667e-01 -6.666667e-01 6.666667e-01 6.666667e-01 6.666667e-01 6.666667e-01 6.666667e-01 6.666667e-01 9.290000e-01 -9.240000e-01 9.290000e-01 -9.240000e-01 9.290000e-01 -9.240000e-01 -1.114021e-02
18 0 0 0 0 0 0 0 0 0 0 0 0 2 2 0 0 0 0 0 0 0 0 0 0 9.290000e-01 -9.240000e-01 9.290000e-01 -9.240000e-01 9.290000e-01 -9.240000e-01 -8.395342e-02
19 -6.666667e-01 -6.666667e-01 -6.666667e-01 -6.666667e-01 -6.666667e-01 -6.666667e-01 6.666667e-01 6.666667e-01 -6.666667e-01 -6.666667e-01 -6.666667e-01 -6.666667e-01 2 2 6.666667e-01 6.666667e-01 6.666667e-01 6.666667e-01 -6.666667e-01 -6.666667e-01 -6.666667e-01 -6.666667e-01 -6.666667e-01 -6.666667e-01 9.290000e-01 -9.240000e-01 9.290000e-01 -9.240000e-01 9.290000e-01 -9.240000e-01 -6.953024e-02
20 -1.333333e+00 -1.333333e+00 -1.333333e+00 -1.333333e+00 -1.333333e+00 -1.333333e+00 1.333333e+00 1.333333e+00 -1.333333e+00 -1.333333e+00 -1.333333e+00 -1.333333e+00 2 2 1.333333e+00 1.333333e+00 1.333333e+00 1.333333e+00 -1.333333e+00 -1.333333e+00 -1.333333e+00 -1.333333e+00 -1.333333e+00 -1.333333e+00 9.290000e-01 -9.240000e-01 9.290000e-01 -9.240000e-01 9.290000e-01 -9.240000e-01 -5.443509e-02
21 -2 -2 -2 -2 -2 -2 2 2 -2 -2 -2 -2 2 2 2 2 2 2 -2 -2 -2 -2 -2 -2 9.290000e-01 -9.240000e-01 9.290000e-01 -9.240000e-01 9.290000e-01 -9.240000e-01 2.201851e-02
22 -2 -2 -2 -2 -2 -2 2 2 -2 -2 -2 -2 2 2 2 2 2 2 -2 -2 -2 -2 -2 -2 9.290000e-01 -9.240000e-01 9.290000e-01 -9.240000e-01 9.290000e-01 -9.240000e-01 2.202190e-02
23 -2 -2 -2 -2 -2 -2 2 2 -2 -2 -2 -2 1.333333e+00 1.333333e+00 2 2 2 2 -2 -2 -2 -2 -2 -2 9.290000e-01 -9.240000e-01 9.290000e-01 -9.240000e-01 9.290000e-01 -9.240000e-01 1.956077e-02
24 -2 -2 -2 -2 -2 -2 2 2 -2 -2 -2 -2 6.666667e-01 6.666667e-01 2 2 2 2 -2 -2 -2 -2 -2 -2 9.290000e-01 -9.240000e-01 9.290000e-01 -9.240000e-01 9.290000e-01 -9.240000e-01 1.503306e-02
25 -2 -2 -2 -2 -2 -2 2 2 -2 -2 -2 -2 0 0 2 2 2 2 -2 -2 -2 -2 -2 -2 9.290000e-01 -9.240000e-01 9.290000e-01 -9.240000e-01 9.290000e-01 -9.240000e-01 1.174260e-02
26 -2 -2 -2 -2 -2 -2 2 2 -2 -2 -2 -2 -6.666667e-01 -6.666667e-01 2 2 2 2 -2 -2 -2 -2 -2 -2 9.290000e-01 -9.240000e-01 9.290000e-01 -9.240000e-01 9.290000e-01 -9.240000e-01 1.837958e-02
27 -2 -2 -2 -2 -2 -2 2 2 -2 -2 -2 -2 -1.333333e+00 -1.333333e+00 2 2 2 2 -2 -2 -2 -2 -2 -2 9.290000e-01 -9.240000e-01 9.290000e-01 -9.240000e-01 9.290000e-01 -9.240000e-01 1.997334e-02
28 -2 -2 -2 -2 -2 -2 2 2 -2 -2 -2 -2 -2 -2 2 2 2 2 -2 -2 -2 -2 -2 -2 9.290000e-01 -9.240000e-01 9.290000e-01 -9.240000e-01 9.290000e-01 -9.240000e-01 2.104373e-02
29 -2 -2 -2 -2 -2 -2 2 2 -2 -2 -2 -2 -2 -2 2 2 2 2 -2 -2 -2 -2 -2 -2 -9.240000e-01 9.290000e-01 9.290000e-01 -9.240000e-01 9.290000e-01 -9.240000e-01 2.065024e-02
30 -1.333333e+00 -1.333333e+00 -1.333333e+00 -1.333333e+00 -1.333333e+00 -1.333333e+00 1.333333e+00 1.333333e+00 -1.333333e+00 -1.333333e+00 -1.333333e+00 -1.333333e+00 -2 -2 1.333333e+00 1.333333e+00 1.333333e+00 1.333333e+00 -1.333333e+00 -1.333333e+00 -1.333333e+00 -1.333333e+00 -1.333333e+00 -1.333333e+00 -9.240000e-01 9.290000e-01 9.290000e-01 -9.240000e-01 9.290000e-01 -9.240000e-01 4.958025e-02
31 -6.666667e-01 -6.666667e-01 -6.666667e-01 -6.666667e-01 -6.666667e-01 -6.666667e-01 6.666667e-01 6.666667e-01 -6.666667e-01 -6.666667e-01 -6.666667e-01 -6.666667e-01 -2 -2 6.666667e-01 6.666667e-01 6.666667e-01 6.666667e-01 -6.666667e-01 -6.666667e-01 -6.666667e-01 -6.666667e-01 -6.666667e-01 -6.666667e-01 -9.240000e-01 9.290000e-01 9.290000e-01 -9.240000e-01 9.290000e-01 -9.240000e-01 1.519576e-01
32 0 0 0 0 0 0 0 0 0 0 0 0 -2 -2 0 0 0 0 0 0 0 0 0 0 -9.240000e-01 9.290000e-01 9.290000e-01 -9.240000e-01 9.290000e-01 -9.240000e-01 1.745543e-01
33 6.666667e-01 6.666667e-01 6.666667e-01 6.666667e-01 6.666667e-01 6.666667e-01 -6.666667e-01 -6.666667e-01 6.666667e-01 6.666667e-01 6.666667e-01 6.666667e-01 -2 -2 -6.666667e-01 -6.666667e-01 -6.666667e-01 -6.666667e-01 6.666667e-01 6.666667e-01 6.666667e-01 6.666667e-01 6.666667e-01 6.666667e-01 -9.240000e-01 9.290000e-01 9.290000e-01 -9.240000e-01 9.290000e-01 -9.240000e-01 1.098415e-02
34 1.333333e+00 1.333333e+00 1.333333e+00 1.333333e+00 1.333333e+00 1.333333e+00 -1.333333e+00 -1.333333e+00 1.333333e+00 1.333333e+00 1.333333e+00 1.333333e+00 -2 -2 -1.333333e+00 -1.333333e+00 -1.333333e+00 -1.333333e+00 1.333333e+00 1.333333e+00 1.333333e+00 1.333333e+00 1.333333e+00 1.333333e+00 -9.240000e-01 9.290000e-01 9.290000e-01 -9.240000e-01 9.290000e-01 -9.240000e-01 2.160133e-03
35 2 2 2 2 2 2 -2 -2 2 2 2 2 -2 -2 -2 -2 -2 -2 2 2 2 2 2 2 -9.240000e-01 9.290000e-01 9.290000e-01 -9.240000e-01 9.290000e-01 -9.240000e-01 2.276535e-03
36 2 2 2 2 2 2 -2 -2 2 2 2 2 -2 -2 -2 -2 -2 -2 2 2 2 2 2 2 -9.240000e-01 9.290000e-01 9.290000e-01 -9.240000e-01 9.290000e-01 -9.240000e-01 2.277370e-03
37 2 2 2 2 2 2 -2 -2 2 2 2 2 -1.333333e+00 -1.333333e+00 -2 -2 -2 -2 2 2 2 2 2 2 -9.240000e-01 9.290000e-01 9.290000e-01 -9.240000e-01 9.290000e-01 -9.240000e-01 2.128133e-03
38 2 2 2 2 2 2 -2 -2 2 2 2 2 -6.666667e-01 -6.666667e-01 -2 -2 -2 -2 2 2 2 2 2 2 -9.240000e-01 9.290000e-01 9.290000e-01 -9.240000e-01 9.290000e-01 -9.240000e-01 1.988699e-03
39 2 2 2 2 2 2 -2 -2 2 2 2 2 0 0 -2 -2 -2 -2 2 2 2 2 2 2 -9.240000e-01 9.290000e-01 9.290000e-01 -9.240000e-01 9.290000e-01 -9.240000e-01 1.837551e-03
40 2 2 2 2 2 2 -2 -2 2 2 2 2 6.666667e-01 6.666667e-01 -2 -2 -2 -2 2 2 2 2 2 2 -9.240000e-01 9.290000e-01 9.290000e-01 -9.240000e-01 9.290000e-01 -9.240000e-01 1.759474e-03
41 2 2 2 2 2 2 -2 -2 2 2 2 2 1.333333e+00 1.333333e+00 -2 -2 -2 -2 2 2 2 2 2 2 -9.240000e-01 9.290000e-01 9.290000e-01 -9.240000e-01 9.290000e-01 -9.240000e-01 1.669298e-03
42 2 2 2 2 2 2 -2 -2 2 2 2 2 2 2 -2 -2 -2 -2 2 2 2 2 2 2 -9.240000e-01 9.290000e-01 9.290000e-01 -9.240000e-01 9.290000e-01 -9.240000e-01 1.591805e-03
43 2 2 2 2 2 2 -2 -2 2 2 2 2 2 2 -2 -2 -2 -2 2 2 2 2 2 2 -9.240000e-01 9.290000e-01 9.290000e-01 -9.240000e-01 9.290000e-01 -9.240000e-01 1.591804e-03
44 1.333333e+00 1.333333e+00 1.333333e+00 1.333333e+00 1.333333e+00 1.333333e+00 -1.333333e+00 -1.333333e+00 1.333333e+00 1.333333e+00 1.333333e+00 1.333333e+00 2 2 -1.333333e+00 -1.333333e+00 -1.333333e+00 -1.333333e+00 1.333333e+00 1.333333e+00 1.333333e+00 1.333333e+00 1.333333e+00 1.333333e+00 -9.240000e-01 9.290000e-01 9.290000e-01 -9.240000e-01 9.290000e-01 -9.240000e-01 1.597137e-03
45 6.666667e-01 6.666667e-01 6.666667e-01 6.666667e-01 6.666667e-01 6.666667e-01 -6.666667e-01 -6.666667e-01 6.666667e-01 6.666667e-01 6.666667e-01 6.666667e-01 2 2 -6.666667e-01 -6.666667e-01 -6.666667e-01 -6.666667e-01 6.666667e-01 6.666667e-01 6.666667e-01 6.666667e-01 6.666667e-01 6.666667e-01 -9.240000e-01 9.290000e-01 9.290000e-01 -9.240000e-01 9.290000e-01 -9.240000e-01 1.177885e-02
46 0 0 0 0 0 0 0 0 0 0 0 0 2 2 0 0 0 0 0 0 0 0 0 0 -9.240000e-01 9.290000e-01 9.290000e-01 -9.240000e-01 9.290000e-01 -9.240000e-01 1.736002e-01
47 -6.666667e-01 -6.666667e-01 -6.666667e-01 -6.666667e-01 -6.666667e-01 -6.666667e-01 6.666667e-01 6.666667e-01 -6.666667e-01 -6.666667e-01 -6.666667e-01 -6.666667e-01 2 2 6.666667e-01 6.666667e-01 6.666667e-01 6.666667e-01 -6.666667e-01 -6.666667e-01 -6.666667e-01 -6.666667e-01 -6.666667e-01 -6.666667e-01 -9.240000e-01 9.290000e-01 9.290000e-01 -9.240000e-01 9.290000e-01 -9.240000e-01 1.518521e-01
48 -1.333333e+00 -1.333333e+00 -1.333333e+00 -1.333333e+00 -1.333333e+00 -1.333333e+00 1.333333e+00 1.333333e+00 -1.333333e+00 -1.333333e+00 -1.333333e+00 -1.333333e+00 2 2 1.333333e+00 1.333333e+00 1.333333e+00 1.333333e+00 -1.333333e+00 -1.333333e+00 -1.333333e+00 -1.333333e+00 -1.333333e+00 -1.333333e+00 -9.240000e-01 9.290000e-01 9.290000e-01 -9.240000e-01 9.290000e-01 -9.240000e-01 9.154938e-02
49 -2 -2 -2 -2 -2 -2 2 2 -2 -2 -2 -2 2 2 2 2 2 2 -2 -2 -2 -2 -2 -2 -9.240000e-01 9.290000e-01 9.290000e-01 -9.240000e-01 9.290000e-01 -9.240000e-01 2.165106e-02
50 -2 -2 -2 -2 -2 -2 2 2 -2 -2 -2 -2 2 2 2 2 2 2 -2 -2 -2 -2 -2 -2 -9.240000e-01 9.290000e-01 9.290000e-01 -9.240000e-01 9.290000e-01 -9.240000e-01 2.164813e-02
51 -2 -2 -2 -2 -2 -2 2 2 -2 -2 -2 -2 1.333333e+00 1.333333e+00 2 2 2 2 -2 -2 -2 -2 -2 -2 -9.240000e-01 9.290000e-01 9.290000e-01 -9.240000e-01 9.290000e-01 -9.240000e-01 1.837746e-02
52 -2 -2 -2 -2 -2 -2 2 2 -2 -2 -2 -2 6.666667e-01 6.666667e-01 2 2 2 2 -2 -2 -2 -2 -2 -2 -9.240000e-01 9.290000e-01 9.290000e-01 -9.240000e-01 9.290000e-01 -9.240000e-01 1.388394e-02
53 -2 -2 -2 -2 -2 -2 2 2 -2 -2 -2 -2 0 0 2 2 2 2 -2 -2 -2 -2 -2 -2 -9.240000e-01 9.290000e-01 9.290000e-01 -9.240000e-01 9.290000e-01 -9.240000e-01 1.116833e-02
54 -2 -2 -2 -2 -2 -2 2 2 -2 -2 -2 -2 -6.666667e-01 -6.666667e-01 2 2 2 2 -2 -2 -2 -2 -2 -2 -9.240000e-01 9.290000e-01 9.290000e-01 -9.240000e-01 9.290000e-01 -9.240000e-01 1.793956e-02
55 -2 -2 -2 -2 -2 -2 2 2 -2 -2 -2 -2 -1.333333e+00 -1.333333e+00 2 2 2 2 -2 -2 -2 -2 -2 -2 -9.240000e-01 9.290000e-01 9.290000e-01 -9.240000e-01 9.290000e-01 -9.240000e-01 1.972750e-02
56 -2 -2 -2 -2 -2 -2 2 2 -2 -2 -2 -2 -2 -2 2 2 2 2 -2 -2 -2 -2 -2 -2 -9.240000e-01 9.290000e-01 9.290000e-01 -9.240000e-01 9.290000e-01 -9.240000e-01 2.063152e-02
57 -2 -2 -2 -2 -2 -2 2 2 -2 -2 -2 -2 -2 -2 2 2 2 2 -2 -2 -2 -2 -2 -2 9.290000e-01 -9.240000e-01 -9.240000e-01 9.290000e-01 9.290000e-01 -9.240000e-01 2.102687e-02
58 -1.333333e+00 -1.333333e+00 -1.333333e+00 -1.333333e+00 -1.333333e+00 -1.333333e+00 1.333333e+00 1.333333e+00 -1.333333e+00 -1.333333e+00 -1.333333e+00 -1.333333e+00 -2 -2 1.333333e+00 1.333333e+00 1.333333e+00 1.333333e+00 -1.333333e+00 -1.333333e+00 -1.333333e+00 -1.333333e+00 -1.333333e+00 -1.333333e+00 9.290000e-01 -9.240000e-01 -9.240000e-01 9.290000e-01 9.290000e-01 -9.240000e-01 4.994085e-02
59 -6.666667e-01 -6.666667e-01 -6.666667e-01 -6.666667e-01 -6.666667e-01 -6.666667e-01 6.666667e-01 6.666667e-01 -6.666667e-01 -6.666667e-01 -6.666667e-01 -6.666667e-01 -2 -2 6.666667e-01 6.666667e-01 6.666667e-01 6.666667e-01 -6.666667e-01 -6.666667e-01 -6.666667e-01 -6.666667e-01 -6.666667e-01 -6.666667e-01 9.290000e-01 -9.240000e-01 -9.240000e-01 9.290000e-01 9.290000e-01 -9.240000e-01 1.516843e-01
60 0 0 0 0 0 0 0 0 0 0 0 0 -2 -2 0 0 0 0 0 0 0 0 0 0 9.290000e-01 -9.240000e-01 -9.240000e-01 9.290000e-01 9.290000e-01 -9.240000e-01 1.721228e-01
61 6.666667e-01 6.666667e-01 6.666667e-01 6.666667e-01 6.666667e-01 6.666667e-01 -6.666667e-01 -6.666667e-01 6.666667e-01 6.666667e-01 6.666667e-01 6.666667e-01 -2 -2 -6.666667e-01 -6.666667e-01 -6.666667e-01 -6.666667e-01 6.666667e-01 6.666667e-01 6.666667e-01 6.666667e-01 6.666667e-01 6.666667e-01 9.290000e-01 -9.240000e-01 -9.240000e-01 9.290000e-01 9.290000e-01 -9.240000e-01 9.490881e-03
62 1.333333e+00 1.333333e+00 1.333333e+00 1.333333e+00 1.333333e+00 1.333333e+00 -1.333333e+00 -1.333333e+00 1.333333e+00 1.333333e+00 1.333333e+00 1.333333e+00 -2 -2 -1.333333e+00 -1.333333e+00 -1.333333e+00 -1.333333e+00 1.333333e+00 1.333333e+00 1.333333e+00 1.333333e+00 1.333333e+00 1.333333e+00 9.290000e-01 -9.240000e-01 -9.240000e-01 9.290000e-01 9.290000e-01 -9.240000e-01 -2.549820e-04
63 2 2 2 2 2 2 -2 -2 2 2 2 2 -2 -2 -2 -2 -2 -2 2 2 2 2 2 2 9.290000e-01 -9.240000e-01 -9.240000e-01 9.290000e-01 9.290000e-01 -9.240000e-01 -1.241363e-03
64 2 2 2 2 2 2 -2 -2 2 2 2 2 -2 -2 -2 -2 -2 -2 2 2 2 2 2 2 9.290000e-01 -9.240000e-01 -9.240000e-01 9.290000e-01 9.290000e-01 -9.240000e-01 -1.241363e-03
65 2 2 2 2 2 2 -2 -2 2 2 2 2 -1.333333e+00 -1.333333e+00 -2 -2 -2 -2 2 2 2 2 2 2 9.290000e-01 -9.240000e-01 -9.240000e-01 9.290000e-01 9.290000e-01 -9.240000e-01 -1.066862e-03
66 2 2 2 2 2 2 -2 -2 2 2 2 2 -6.666667e-01 -6.666667e-01 -2 -2 -2 -2 2 2 2 2 2 2 9.290000e-01 -9.240000e-01 -9.240000e-01 9.290000e-01 9.290000e-01 -9.240000e-01 -9.257923e-04
67 2 2 2 2 2 2 -2 -2 2 2 2 2 0 0 -2 -2 -2 -2 2 2 2 2 2 2 9.290000e-01 -9.240000e-01 -9.240000e-01 9.290000e-01 9.290000e-01 -9.240000e-01 -9.117250e-04
68 2 2 2 2 2 2 -2 -2 2 2 2 2 6.666667e-01 6.666667e-01 -2 -2 -2 -2 2 2 2 2 2 2 9.290000e-01 -9.240000e-01 -9.240000e-01 9.290000e-01 9.290000e-01 -9.240000e-01 -8.775362e-04
69 2 2 2 2 2 2 -2 -2 2 2 2 2 1.333333e+00 1.333333e+00 -2 -2 -2 -2 2 2 2 2 2 2 9.290000e-01 -9.240000e-01 -9.240000e-01 9.290000e-01 9.290000e-01 -9.240000e-01 -8.457206e-04
70 2 2 2 2 2 2 -2 -2 2 2 2 2 2 2 -2 -2 -2 -2 2 2 2 2 2 2 9.290000e-01 -9.240000e-01 -9.240000e-01 9.290000e-01 9.290000e-01 -9.240000e-01 -8.146641e-04
71 2 2 2 2 2 2 -2 -2 2 2 2 2 2 2 -2 -2 -2 -2 2 2 2 2 2 2 9.290000e-01 -9.240000e-01 -9.240000e-01 9.290000e-01 9.290000e-01 -9.240000e-01 -8.146643e-04
72 1.333333e+00 1.333333e+00 1.333333e+00 1.333333e+00 1.333333e+00 1.333333e+00 -1.333333e+00 -1.333333e+00 1.333333e+00 1.333333e+00 1.333333e+00 1.333333e+00 2 2 -1.333333e+00 -1.333333e+00 -1.333333e+00 -1.333333e+00 1.333333e+00 1.333333e+00 1.333333e+00 1.333333e+00 1.333333e+00 1.333333e+00 9.290000e-01 -9.240000e-01 -9.240000e-01 9.290000e-01 9.290000e-01 -9.240000e-01 -1.358421e-04
73 6.666667e-01 6.666667e-01 6.666667e-01 6.666667e-01 6.666667e-01 6.666667e-01 -6.666667e-01 -6.666667e-01 6.666667e-01 6.666667e-01 6.666667e-01 6.666667e-01 2 2 -6.666667e-01 -6.666667e-01 -6.666667e-01 -6.666667e-01 6.666667e-01 6.666667e-01 6.666667e-01 6.666667e-01 6.666667e-01 6.666667e-01 9.290000e-01 -9.240000e-01 -9.240000e-01 9.290000e-01 9.290000e-01 -9.240000e-01 -1.121466e-02
74 0 0 0 0 0 0 0 0 0 0 0 0 2 2 0 0 0 0 0 0 0 0 0 0 9.290000e-01 -9.240000e-01 -9.240000e-01 9.290000e-01 9.290000e-01 -9.240000e-01 -8.390306e-02
75 -6.666667e-01 -6.666667e-01 -6.666667e-01 -6.666667e-01 -6.666667e-01 -6.666667e-01 6.666667e-01 6.666667e-01 -6.666667e-01 -6.666667e-01 -6.666667e-01 -6.666667e-01 2 2 6.666667e-01 6.666667e-01 6.666667e-01 6.666667e-01 -6.666667e-01 -6.666667e-01 -6.666667e-01 -6.666667e-01 -6.666667e-01 -6.666667e-01 9.290000e-01 -9.240000e-01 -9.240000e-01 9.290000e-01 9.290000e-01 -9.240000e-01 -6.951387e-02
76 -1.333333e+00 -1.333333e+00 -1.333333e+00 -1.333333e+00 -1.333333e+00 -1.333333e+00 1.333333e+00 1.333333e+00 -1.333333e+00 -1.333333e+00 -1.333333e+00 -1.333333e+00 2 2 1.333333e+00 1.333333e+00 1.333333e+00 1.333333e+00 -1.333333e+00 -1.333333e+00 -1.333333e+00 -1.333333e+00 -1.333333e+00 -1.333333e+00 9.290000e-01 -9.240000e-01 -9.240000e-01 9.290000e-01 9.290000e-01 -9.240000e-01 -5.442919e-02
77 -2 -2 -2 -2 -2 -2 2 2 -2 -2 -2 -2 2 2 2 2 2 2 -2 -2 -2 -2 -2 -2 9.290000e-01 -9.240000e-01 -9.240000e-01 9.290000e-01 9.290000e-01 -9.240000e-01 2.200927e-02
78 -2 -2 -2 -2 -2 -2 2 2 -2 -2 -2 -2 2 2 2 2 2 2 -2 -2 -2 -2 -2 -2 9.290000e-01 -9.240000e-01 -9.240000e-01 9.290000e-01 9.290000e-01 -9.240000e-01 2.201279e-02
79 -2 -2 -2 -2 -2 -2 2 2 -2 -2 -2 -2 1.333333e+00 1.333333e+00 2 2 2 2 -2 -2 -2 -2 -2 -2 9.290000e-01 -9.240000e-01 -9.240000e-01 9.290000e-01 9.290000e-01 -9.240000e-01 1.957764e-02
80 -2 -2 -2 -2 -2 -2 2 2 -2 -2 -2 -2 6.666667e-01 6.666667e-01 2 2 2 2 -2 -2 -2 -2 -2 -2 9.290000e-01 -9.240000e-01 -9.240000e-01 9.290000e-01 9.290000e-01 -9.240000e-01 1.504095e-02
81 -2 -2 -2 -2 -2 -2 2 2 -2 -2 -2 -2 0 0 2 2 2 2 -2 -2 -2 -2 -2 -2 9.290000e-01 -9.240000e-01 -9.240000e-01 9.290000e-01 9.290000e-01 -9.240000e-01 1.174744e-02
82 -2 -2 -2 -2 -2 -2 2 2 -2 -2 -2 -2 -6.666667e-01 -6.666667e-01 2 2 2 2 -2 -2 -2 -2 -2 -2 9.290000e-01 -9.240000e-01 -9.240000e-01 9.290000e-01 9.290000e-01 -9.240000e-01 1.836599e-02
83 -2 -2 -2 -2 -2 -2 2 2 -2 -2 -2 -2 -1.333333e+00 -1.333333e+00 2 2 2 2 -2 -2 -2 -2 -2 -2 9.290000e-01 -9.240000e-01 -9.240000e-01 9.290000e-01 9.290000e-01 -9.240000e-01 1.995146e-02
84 -2 -2 -2 -2 -2 -2 2 2 -2 -2 -2 -2 -2 -2 2 2 2 2 -2 -2 -2 -2 -2 -2 9.290000e-01 -9.240000e-01 -9.240000e-01 9.290000e-01 9.290000e-01 -9.240000e-01 2.102680e-02
85 -2 -2 -2 -2 -2 -2 2 2 -2 -2 -2 -2 -2 -2 2 2 2 2 -2 -2 -2 -2 -2 -2 -9.240000e-01 9.290000e-01 -9.240000e-01 9.290000e-01 9.290000e-01 -9.240000e-01 2.063331e-02
86 -1.333333e+00 -1.333333e+00 -1.333333e+00 -1.333333e+00 -1.333333e+00 -1.333333e+00 1.333333e+00 1.333333e+00 -1.333333e+00 -1.333333e+00 -1.333333e+00 -1.333333e+00 -2 -2 1.333333e+00 1.333333e+00 1.333333e+00 1.333333e+00 -1.333333e+00 -1.333333e+00 -1.333333e+00 -1.333333e+00 -1.333333e+00 -1.333333e+00 -9.240000e-01 9.290000e-01 -9.240000e-01 9.290000e-01 9.290000e-01 -9.240000e-01 4.956594e-02
87 -6.666667e-01 -6.666667e-01 -6.666667e-01 -6.666667e-01 -6.666667e-01 -6.666667e-01 6.666667e-01 6.666667e-01 -6.666667e-01 -6.666667e-01 -6.666667e-01 -6.666667e-01 -2 -2 6.666667e-01 6.666667e-01 6.666667e-01 6.666667e-01 -6.666667e-01 -6.666667e-01 -6.666667e-01 -6.666667e-01 -6.666667e-01 -6.666667e-01 -9.240000e-01 9.290000e-01 -9.240000e-01 9.290000e-01 9.290000e-01 -9.240000e-01 1.519871e-01
88 0 0 0 0 0 0 0 0 0 0 0 0 -2 -2 0 0 0 0 0 0 0 0 0 0 -9.240000e-01 9.290000e-01 -9.240000e-01 9.290000e-01 9.290000e-01 -9.240000e-01 1.741424e-01
89 6.666667e-01 6.666667e-01 6.666667e-01 6.666667e-01 6.666667e-01 6.666667e-01 -6.666667e-01 -6.666667e-01 6.666667e-01 6.666667e-01 6.666667e-01 6.666667e-01 -2 -2 -6.666667e-01 -6.666667e-01 -6.666667e-01 -6.666667e-01 6.666667e-01 6.666667e-01 6.666667e-01 6.666667e-01 6.666667e-01 6.666667e-01 -9.240000e-01 9.290000e-01 -9.240000e-01 9.290000e-01 9.290000e-01 -9.240000e-01 1.089980e-02
90 1.333333e+00 1.333333e+00 1.333333e+00 1.333333e+00 1.333333e+00 1.333333e+00 -1.333333e+00 -1.333333e+00 1.333333e+00 1.333333e+00 1.333333e+00 1.333333e+00 -2 -2 -1.333333e+00 -1.333333e+00 -1.333333e+00 -1.333333e+00 1.333333e+00 1.333333e+00 1.333333e+00 1.333333e+00 1.333333e+00 1.333333e+00 -9.240000e-01 9.290000e-01 -9.240000e-01 9.290000e-01 9.290000e-01 -9.240000e-01 2.116543e-03
91 2 2 2 2 2 2 -2 -2 2 2 2 2 -2 -2 -2 -2 -2 -2 2 2 2 2 2 2 -9.240000e-01 9.290000e-01 -9.240000e-01 9.290000e-01 9.290000e-01 -9.240000e-01 2.240568e-03
92 2 2 2 2 2 2 -2 -2 2 2 2 2 -2 -2 -2 -2 -2 -2 2 2 2 2 2 2 -9.240000e-01 9.290000e-01 -9.240000e-01 9.290000e-01 9.290000e-01 -9.240000e-01 2.240571e-03
93 2 2 2 2 2 2 -2 -2 2 2 2 2 -1.333333e+00 -1.333333e+00 -2 -2 -2 -2 2 2 2 2 2 2 -9.240000e-01 9.290000e-01 -9.240000e-01 9.290000e-01 9.290000e-01 -9.240000e-01 1.819410e-03
94 2 2 2 2 2 2 -2 -2 2 2 2 2 -6.666667e-01 -6.666667e-01 -2 -2 -2 -2 2 2 2 2 2 2 -9.240000e-01 9.290000e-01 -9.240000e-01 9.290000e-01 9.290000e-01 -9.240000e-01 1.734381e-03
95 2 2 2 2 2 2 -2 -2 2 2 2 2 0 0 -2 -2 -2 -2 2 2 2 2 2 2 -9.240000e-01 9.290000e-01 -9.240000e-01 9.290000e-01 9.290000e-01 -9.240000e-01 1.764938e-03
96 2 2 2 2 2 2 -2 -2 2 2 2 2 6.666667e-01 6.666667e-01 -2 -2 -2 -2 2 2 2 2 2 2 -9.240000e-01 9.290000e-01 -9.240000e-01 9.290000e-01 9.290000e-01 -9.240000e-01 1.674851e-03
97 2 2 2 2 2 2 -2 -2 2 2 2 2 1.333333e+00 1.333333e+00 -2 -2 -2 -2 2 2 2 2 2 2 -9.240000e-01 9.290000e-01 -9.240000e-01 9.290000e-01 9.290000e-01 -9.240000e-01 1.573904e-03
98 2 2 2 2 2 2 -2 -2 2 2 2 2 2 2 -2 -2 -2 -2 2 2 2 2 2 2 -9.240000e-01 9.290000e-01 -9.240000e-01 9.290000e-01 9.290000e-01 -9.240000e-01 1.483108e-03
99 2 2 2 2 2 2 -2 -2 2 2 2 2 2 2 -2 -2 -2 -2 2 2 2 2 2 2 -9.240000e-01 9.290000e-01 -9.240000e-01 9.290000e-01 9.290000e-01 -9.240000e-01 1.483108e-03
100 1.333333e+00 1.333333e+00 1.333333e+00 1.333333e+00 1.333333e+00 1.333333e+00 -1.333333e+00 -1.333333e+00 1.333333e+00 1.333333e+00 1.333333e+00 1.333333e+00 2 2 -1.333333e+00 -1.333333e+00 -1.333333e+00 -1.333333e+00 1.333333e+00 1.333333e+00 1.333333e+00 1.333333e+00 1.333333e+00 1.333333e+00 -9.240000e-01 9.290000e-01 -9.240000e-01 9.290000e-01 9.290000e-01 -9.240000e-01 1.558116e-03
101 6.666667e-01 6.666667e-01 6.666667e-01 6.666667e-01 6.666667e-01 6.666667e-01 -6.666667e-01 -6.666667e-01 6.666667e-01 6.666667e-01 6.666667e-01 6.666667e-01 2 2 -6.666667e-01 -6.666667e-01 -6.666667e-01 -6.666667e-01 6.666667e-01 6.666667e-01 6.666667e-01 6.666667e-01 6.666667e-01 6.666667e-01 -9.240000e-01 9.290000e-01 -9.240000e-01 9.290000e-01 9.290000e-01 -9.240000e-01 1.182449e-02
102 0 0 0 0 0 0 0 0 0 0 0 0 2 2 0 0 0 0 0 0 0 0 0 0 -9.240000e-01 9.290000e-01 -9.240000e-01 9.290000e-01 9.290000e-01 -9.240000e-01 1.743989e-01
103 -6.666667e-01 -6.666667e-01 -6.666667e-01 -6.666667e-01 -6.666667e-01 -6.666667e-01 6.666667e-01 6.666667e-01 -6.666667e-01 -6.666667e-01 -6.666667e-01 -6.666667e-01 2 2 6.666667e-01 6.666667e-01 6.666667e-01 6.666667e-01 -6.666667e-01 -6.666667e-01 -6.666667e-01 -6.666667e-01 -6.666667e-01 -6.666667e-01 -9.240000e-01 9.290000e-01 -9.240000e-01 9.290000e-01 9.290000e-01 -9.240000e-01 1.518894e-01
104 -1.333333e+00 -1.333333e+00 -1.333333e+00 -1.333333e+00 -1.333333e+00 -1.333333e+00 1.333333e+00 1.333333e+00 -1.333333e+00 -1.333333e+00 -1.333333e+00 -1.333333e+00 2 2 1.333333e+00 1.333333e+00 1.333333e+00 1.333333e+00 -1.333333e+00 -1.333333e+00 -1.333333e+00 -1.333333e+00 -1.333333e+00 -1.333333e+00 -9.240000e-01 9.290000e-01 -9.240000e-01 9.290000e-01 9.290000e-01 -9.240000e-01 9.155203e-02
105 -2 -2 -2 -2 -2 -2 2 2 -2 -2 -2 -2 2 2 2 2 2 2 -2 -2 -2 -2 -2 -2 -9.240000e-01 9.290000e-01 -9.240000e-01 9.290000e-01 9.290000e-01 -9.240000e-01 2.164191e-02
106 -2 -2 -2 -2 -2 -2 2 2 -2 -2 -2 -2 2 2 2 2 2 2 -2 -2 -2 -2 -2 -2 -9.240000e-01 9.290000e-01 -9.240000e-01 9.290000e-01 9.290000e-01 -9.240000e-01 2.163911e-02
107 -2 -2 -2 -2 -2 -2 2 2 -2 -2 -2 -2 1.333333e+00 1.333333e+00 2 2 2 2 -2 -2 -2 -2 -2 -2 -9.240000e-01 9.290000e-01 -9.240000e-01 9.290000e-01 9.290000e-01 -9.240000e-01 1.838749e-02
108 -2 -2 -2 -2 -2 -2 2 2 -2 -2 -2 -2 6.666667e-01 6.666667e-01 2 2 2 2 -2 -2 -2 -2 -2 -2 -9.240000e-01 9.290000e-01 -9.240000e-01 9.290000e-01 9.290000e-01 -9.240000e-01 1.389254e-02
109 -2 -2 -2 -2 -2 -2 2 2 -2 -2 -2 -2 0 0 2 2 2 2 -2 -2 -2 -2 -2 -2 -9.240000e-01 9.290000e-01 -9.240000e-01 9.290000e-01 9.290000e-01 -9.240000e-01 1.115026e-02
110 -2 -2 -2 -2 -2 -2 2 2 -2 -2 -2 -2 -6.666667e-01 -6.666667e-01 2 2 2 2 -2 -2 -2 -2 -2 -2 -9.240000e-01 9.290000e-01 -9.240000e-01 9.290000e-01 9.290000e-01 -9.240000e-01 1.792506e-02
111 -2 -2 -2 -2 -2 -2 2 2 -2 -2 -2 -2 -1.333333e+00 -1.333333e+00 2 2 2 2 -2 -2 -2 -2 -2 -2 -9.240000e-01 9.290000e-01 -9.240000e-01 9.290000e-01 9.290000e-01 -9.240000e-01 1.970613e-02
112 -2 -2 -2 -2 -2 -2 2 2 -2 -2 -2 -2 -2 -2 2 2 2 2 -2 -2 -2 -2 -2 -2 -9.240000e-01 9.290000e-01 -9.240000e-01 9.290000e-01 9.290000e-01 -9.240000e-01 2.061478e-02
113 -2 -2 -2 -2 -2 -2 2 2 -2 -2 -2 -2 -2 -2 2 2 2 2 -2 -2 -2 -2 -2 -2 9.290000e-01 -9.240000e-01 9.290000e-01 -9.240000e-01 -9.240000e-01 9.290000e-01 2.111457e-02
114 -1.333333e+00 -1.333333e+00 -1.333333e+00 -1.333333e+00 -1.333333e+00 -1.333333e+00 1.333333e+00 1.333333e+00 -1.333333e+00 -1.333333e+00 -1.333333e+00 -1.333333e+00 -2 -2 1.333333e+00 1.333333e+00 1.333333e+00 1.333333e+00 -1.333333e+00 -1.333333e+00 -1.333333e+00 -1.333333e+00 -1.333333e+00 -1.333333e+00 9.290000e-01 -9.240000e-01 9.290000e-01 -9.240000e-01 -9.240000e-01 9.290000e-01 5.008946e-02
115 -6.666667e-01 -6.666667e-01 -6.666667e-01 -6.666667e-01 -6.666667e-01 -6.666667e-01 6.666667e-01 6.666667e-01 -6.666667e-01 -6.666667e-01 -6.666667e-01 -6.666667e-01 -2 -2 6.666667e-01 6.666667e-01 6.666667e-01 6.666667e-01 -6.666667e-01 -6.666667e-01 -6.666667e-01 -6.666667e-01 -6.666667e-01 -6.666667e-01 9.290000e-01 -9.240000e-01 9.290000e-01 -9.240000e-01 -9.240000e-01 9.290000e-01 1.520271e-01
116 0 0 0 0 0 0 0 0 0 0 0 0 -2 -2 0 0 0 0 0 0 0 0 0 0 9.290000e-01 -9.240000e-01 9.290000e-01 -9.240000e-01 -9.240000e-01 9.290000e-01 1.735728e-01
117 6.666667e-01 6.666667e-01 6.666667e-01 6.666667e-01 6.666667e-01 6.666667e-01 -6.666667e-01 -6.666667e-01 6.666667e-01 6.666667e-01 6.666667e-01 6.666667e-01 -2 -2 -6.666667e-01 -6.666667e-01 -6.666667e-01 -6.666667e-01 6.666667e-01 6.666667e-01 6.666667e-01 6.666667e-01 6.666667e-01 6.666667e-01 9.290000e-01 -9.240000e-01 9.290000e-01 -9.240000e-01 -9.240000e-01 9.290000e-01 1.059063e-02
118 1.333333e+00 1.333333e+00 1.333333e+00 1.333333e+00 1.333333e+00 1.333333e+00 -1.333333e+00 -1.333333e+00 1.333333e+00 1.333333e+00 1.333333e+00 1.333333e+00 -2 -2 -1.333333e+00 -1.333333e+00 -1.333333e+00 -1.333333e+00 1.333333e+00 1.333333e+00 1.333333e+00 1.333333e+00 1.333333e+00 1.333333e+00 9.290000e-01 -9.240000e-01 9.290000e-01 -9.240000e-01 -9.240000e-01 9.290000e-01 1.362338e-03
119 2 2 2 2 2 2 -2 -2 2 2 2 2 -2 -2 -2 -2 -2 -2 2 2 2 2 2 2 9.290000e-01 -9.240000e-01 9.290000e-01 -9.240000e-01 -9.240000e-01 9.290000e-01 9.113492e-04
120 2 2 2 2 2 2 -2 -2 2 2 2 2 -2 -2 -2 -2 -2 -2 2 2 2 2 2 2 9.290000e-01 -9.240000e-01 9.290000e-01 -9.240000e-01 -9.240000e-01 9.290000e-01 9.114213e-04
121 2 2 2 2 2 2 -2 -2 2 2 2 2 -1.333333e+00 -1.333333e+00 -2 -2 -2 -2 2 2 2 2 2 2 9.290000e-01 -9.240000e-01 9.290000e-01 -9.240000e-01 -9.240000e-01 9.290000e-01 7.620148e-04
122 2 2 2 2 2 2 -2 -2 2 2 2 2 -6.666667e-01 -6.666667e-01 -2 -2 -2 -2 2 2 2 2 2 2 9.290000e-01 -9.240000e-01 9.290000e-01 -9.240000e-01 -9.240000e-01 9.290000e-01 2.563262e-04
123 2 2 2 2 2 2 -2 -2 2 2 2 2 0 0 -2 -2 -2 -2 2 2 2 2 2 2 9.290000e-01 -9.240000e-01 9.290000e-01 -9.240000e-01 -9.240000e-01 9.290000e-01 3.362563e-04
124 2 2 2 2 2 2 -2 -2 2 2 2 2 6.666667e-01 6.666667e-01 -2 -2 -2 -2 2 2 2 2 2 2 9.290000e-01 -9.240000e-01 9.290000e-01 -9.240000e-01 -9.240000e-01 9.290000e-01 3.309814e-04
125 2 2 2 2 2 2 -2 -2 2 2 2 2 1.333333e+00 1.333333e+00 -2 -2 -2 -2 2 2 2 2 2 2 9.290000e-01 -9.240000e-01 9.290000e-01 -9.240000e-01 -9.240000e-01 9.290000e-01 3.133226e-04
126 2 2 2 2 2 2 -2 -2 2 2 2 2 2 2 -2 -2 -2 -2 2 2 2 2 2 2 9.290000e-01 -9.240000e-01 9.290000e-01 -9.240000e-01 -9.240000e-01 9.290000e-01 2.943498e-04
127 2 2 2 2 2 2 -2 -2 2 2 2 2 2 2 -2 -2 -2 -2 2 2 2 2 2 2 9.290000e-01 -9.240000e-01 9.290000e-01 -9.240000e-01 -9.240000e-01 9.290000e-01 2.943452e-04
128 1.333333e+00 1.333333e+00 1.333333e+00 1.333333e+00 1.333333e+00 1.333333e+00 -1.333333e+00 -1.333333e+00 1.333333e+00 1.333333e+00 1.333333e+00 1.333333e+00 2 2 -1.333333e+00 -1.333333e+00 -1.333333e+00 -1.333333e+00 1.333333e+00 1.333333e+00 1.333333e+00 1.333333e+00 1.333333e+00 1.333333e+00 9.290000e-01 -9.240000e-01 9.290000e-01 -9.240000e-01 -9.240000e-01 9.290000e-01 9.707533e-04
129 6.666667e-01 6.666667e-01 6.666667e-01 6.666667e-01 6.666667e-01 6.666667e-01 -6.666667e-01 -6.666667e-01 6.666667e-01 6.666667e-01 6.666667e-01 6.666667e-01 2 2 -6.666667e-01 -6.666667e-01 -6.666667e-01 -6.666667e-01 6.666667e-01 6.666667e-01 6.666667e-01 6.666667e-01 6.666667e-01 6.666667e-01 9.290000e-01 -9.240000e-01 9.290000e-01 -9.240000e-01 -9.240000e-01 9.290000e-01 -1.007437e-02
130 0 0 0 0 0 0 0 0 0 0 0 0 2 2 0 0 0 0 0 0 0 0 0 0 9.290000e-01 -9.240000e-01 9.290000e-01 -9.240000e-01 -9.240000e-01 9.290000e-01 -8.323805e-02
131 -6.666667e-01 -6.666667e-01 -6.666667e-01 -6.666667e-01 -6.666667e-01 -6.666667e-01 6.666667e-01 6.666667e-01 -6.666667e-01 -6.666667e-01 -6.666667e-01 -6.666667e-01 2 2 6.666667e-01 6.666667e-01 6.666667e-01 6.666667e-01 -6.666667e-01 -6.666667e-01 -6.666667e-01 -6.666667e-01 -6.666667e-01 -6.666667e-01 9.290000e-01 -9.240000e-01 9.290000e-01 -9.240000e-01 -9.240000e-01 9.290000e-01 -6.933635e-02
132 -1.333333e+00 -1.333333e+00 -1.333333e+00 -1.333333e+00 -1.333333e+00 -1.333333e+00 1.333333e+00 1.333333e+00 -1.333333e+00 -1.333333e+00 -1.333333e+00 -1.333333e+00 2 2 1.333333e+00 1.333333e+00 1.333333e+00 1.333333e+00 -1.333333e+00 -1.333333e+00 -1.333333e+00 -1.333333e+00 -1.333333e+00 -1.333333e+00 9.290000e-01 -9.240000e-01 9.290000e-01 -9.240000e-01 -9.240000e-01 9.290000e-01 -5.429198e-02
133 -2 -2 -2 -2 -2 -2 2 2 -2 -2 -2 -2 2 2 2 2 2 2 -2 -2 -2 -2 -2 -2 9.290000e-01 -9.240000e-01 9.290000e-01 -9.240000e-01 -9.240000e-01 9.290000e-01 2.211096e-02
134 -2 -2 -2 -2 -2 -2 2 2 -2 -2 -2 -2 2 2 2 2 2 2 -2 -2 -2 -2 -2 -2 9.290000e-01 -9.240000e-01 9.290000e-01 -9.240000e-01 -9.240000e-01 9.290000e-01 2.211418e-02
135 -2 -2 -2 -2 -2 -2 2 2 -2 -2 -2 -2 1.333333e+00 1.333333e+00 2 2 2 2 -2 -2 -2 -2 -2 -2 9.290000e-01 -9.240000e-01 9.290000e-01 -9.240000e-01 -9.240000e-01 9.290000e-01 1.964781e-02
136 -2 -2 -2 -2 -2 -2 2 2 -2 -2 -2 -2 6.666667e-01 6.666667e-01 2 2 2 2 -2 -2 -2 -2 -2 -2 9.290000e-01 -9.240000e-01 9.290000e-01 -9.240000e-01 -9.240000e-01 9.290000e-01 1.510994e-02
137 -2 -2 -2 -2 -2 -2 2 2 -2 -2 -2 -2 0 0 2 2 2 2 -2 -2 -2 -2 -2 -2 9.290000e-01 -9.240000e-01 9.290000e-01 -9.240000e-01 -9.240000e-01 9.290000e-01 1.181557e-02
138 -2 -2 -2 -2 -2 -2 2 2 -2 -2 -2 -2 -6.666667e-01 -6.666667e-01 2 2 2 2 -2 -2 -2 -2 -2 -2 9.290000e-01 -9.240000e-01 9.290000e-01 -9.240000e-01 -9.240000e-01 9.290000e-01 1.846422e-02
139 -2 -2 -2 -2 -2 -2 2 2 -2 -2 -2 -2 -1.333333e+00 -1.333333e+00 2 2 2 2 -2 -2 -2 -2 -2 -2 9.290000e-01 -9.240000e-01 9.290000e-01 -9.240000e-01 -9.240000e-01 9.290000e-01 2.005853e-02
140 -2 -2 -2 -2 -2 -2 2 2 -2 -2 -2 -2 -2 -2 2 2 2 2 -2 -2 -2 -2 -2 -2 9.290000e-01 -9.240000e-01 9.290000e-01 -9.240000e-01 -9.240000e-01 9.290000e-01 2.111475e-02
141 -2 -2 -2 -2 -2 -2 2 2 -2 -2 -2 -2 -2 -2 2 2 2 2 -2 -2 -2 -2 -2 -2 -9.240000e-01 9.290000e-01 9.290000e-01 -9.240000e-01 -9.240000e-01 9.290000e-01 2.072111e-02
142 -1.333333e+00 -1.333333e+00 -1.333333e+00 -1.333333e+00 -1.333333e+00 -1.333333e+00 1.333333e+00 1.333333e+00 -1.333333e+00 -1.333333e+00 -1.333333e+00 -1.333333e+00 -2 -2 1.333333e+00 1.333333e+00 1.333333e+00 1.333333e+00 -1.333333e+00 -1.333333e+00 -1.333333e+00 -1.333333e+00 -1.333333e+00 -1.333333e+00 -9.240000e-01 9.290000e-01 9.290000e-01 -9.240000e-01 -9.240000e-01 9.290000e-01 4.971458e-02
143 -6.666667e-01 -6.666667e-01 -6.666667e-01 -6.666667e-01 -6.666667e-01 -6.666667e-01 6.666667e-01 6.666667e-01 -6.666667e-01 -6.666667e-01 -6.666667e-01 -6.666667e-01 -2 -2 6.666667e-01 6.666667e-01 6.666667e-01 6.666667e-01 -6.666667e-01 -6.666667e-01 -6.666667e-01 -6.666667e-01 -6.666667e-01 -6.666667e-01 -9.240000e-01 9.290000e-01 9.290000e-01 -9.240000e-01 -9.240000e-01 9.290000e-01 1.523249e-01
144 0 0 0 0 0 0 0 0 0 0 0 0 -2 -2 0 0 0 0 0 0 0 0 0 0 -9.240000e-01 9.290000e-01 9.290000e-01 -9.240000e-01 -9.240000e-01 9.290000e-01 1.750537e-01
145 6.666667e-01 6.666667e-01 6.666667e-01 6.666667e-01 6.666667e-01 6.666667e-01 -6.666667e-01 -6.666667e-01 6.666667e-01 6.666667e-01 6.666667e-01 6.666667e-01 -2 -2 -6.666667e-01 -6.666667e-01 -6.666667e-01 -6.666667e-01 6.666667e-01 6.666667e-01 6.666667e-01 6.666667e-01 6.666667e-01 6.666667e-01 -9.240000e-01 9.290000e-01 9.290000e-01 -9.240000e-01 -9.240000e-01 9.290000e-01 1.169377e-02
146 1.333333e+00 1.333333e+00 1.333333e+00 1.333333e+00 1.333333e+00 1.333333e+00 -1.333333e+00 -1.333333e+00 1.333333e+00 1.333333e+00 1.333333e+00 1.333333e+00 -2 -2 -1.333333e+00 -1.333333e+00 -1.333333e+00 -1.333333e+00 1.333333e+00 1.333333e+00 1.333333e+00 1.333333e+00 1.333333e+00 1.333333e+00 -9.240000e-01 9.290000e-01 9.290000e-01 -9.240000e-01 -9.240000e-01 9.290000e-01 2.776532e-03
147 2 2 2 2 2 2 -2 -2 2 2 2 2 -2 -2 -2 -2 -2 -2 2 2 2 2 2 2 -9.240000e-01 9.290000e-01 9.290000e-01 -9.240000e-01 -9.240000e-01 9.290000e-01 2.661408e-03
148 2 2 2 2 2 2 -2 -2 2 2 2 2 -2 -2 -2 -2 -2 -2 2 2 2 2 2 2 -9.240000e-01 9.290000e-01 9.290000e-01 -9.240000e-01 -9.240000e-01 9.290000e-01 2.661409e-03
149 2 2 2 2 2 2 -2 -2 2 2 2 2 -1.333333e+00 -1.333333e+00 -2 -2 -2 -2 2 2 2 2 2 2 -9.240000e-01 9.290000e-01 9.290000e-01 -9.240000e-01 -9.240000e-01 9.290000e-01 2.607112e-03
150 2 2 2 2 2 2 -2 -2 2 2 2 2 -6.666667e-01 -6.666667e-01 -2 -2 -2 -2 2 2 2 2 2 2 -9.240000e-01 9.290000e-01 9.290000e-01 -9.240000e-01 -9.240000e-01 9.290000e-01 2.612619e-03
151 2 2 2 2 2 2 -2 -2 2 2 2 2 0 0 -2 -2 -2 -2 2 2 2 2 2 2 -9.240000e-01 9.290000e-01 9.290000e-01 -9.240000e-01 -9.240000e-01 9.290000e-01 2.768163e-03
152 2 2 2 2 2 2 -2 -2 2 2 2 2 6.666667e-01 6.666667e-01 -2 -2 -2 -2 2 2 2 2 2 2 -9.240000e-01 9.290000e-01 9.290000e-01 -9.240000e-01 -9.240000e-01 9.290000e-01 2.626604e-03
153 2 2 2 2 2 2 -2 -2 2 2 2 2 1.333333e+00 1.333333e+00 -2 -2 -2 -2 2 2 2 2 2 2 -9.240000e-01 9.290000e-01 9.290000e-01 -9.240000e-01 -9.240000e-01 9.290000e-01 2.588999e-03
154 2 2 2 2 2 2 -2 -2 2 2 2 2 2 2 -2 -2 -2 -2 2 2 2 2 2 2 -9.240000e-01 9.290000e-01 9.290000e-01 -9.240000e-01 -9.240000e-01 9.290000e-01 2.567022e-03
155 2 2 2 2 2 2 -2 -2 2 2 2 2 2 2 -2 -2 -2 -2 2 2 2 2 2 2 -9.240000e-01 9.290000e-01 9.290000e-01 -9.240000e-01 -9.240000e-01 9.290000e-01 2.567023e-03
156 1.333333e+00 1.333333e+00 1.333333e+00 1.333333e+00 1.333333e+00 1.333333e+00 -1.333333e+00 -1.333333e+00 1.333333e+00 1.333333e+00 1.333333e+00 1.333333e+00 2 2 -1.333333e+00 -1.333333e+00 -1.333333e+00 -1.333333e+00 1.333333e+00 1.333333e+00 1.333333e+00 1.333333e+00 1.333333e+00 1.333333e+00 -9.240000e-01 9.290000e-01 9.290000e-01 -9.240000e-01 -9.240000e-01 9.290000e-01 2.654680e-03
157 6.666667e-01 6.666667e-01 6.666667e-01 6.666667e-01 6.666667e-01 6.666667e-01 -6.666667e-01 -6.666667e-01 6.666667e-01 6.666667e-01 6.666667e-01 6.666667e-01 2 2 -6.666667e-01 -6.666667e-01 -6.666667e-01 -6.666667e-01 6.666667e-01 6.666667e-01 6.666667e-01 6.666667e-01 6.666667e-01 6.666667e-01 -9.240000e-01 9.290000e-01 9.290000e-01 -9.240000e-01 -9.240000e-01 9.290000e-01 1.277880e-02
158 0 0 0 0 0 0 0 0 0 0 0 0 2 2 0 0 0 0 0 0 0 0 0 0 -9.240000e-01 9.290000e-01 9.290000e-01 -9.240000e-01 -9.240000e-01 9.290000e-01 1.744912e-01
159 -6.666667e-01 -6.666667e-01 -6.666667e-01 -6.666667e-01 -6.666667e-01 -6.666667e-01 6.666667e-01 6.666667e-01 -6.666667e-01 -6.666667e-01 -6.666667e-01 -6.666667e-01 2 2 6.666667e-01 6.666667e-01 6.666667e-01 6.666667e-01 -6.666667e-01 -6.666667e-01 -6.666667e-01 -6.666667e-01 -6.666667e-01 -6.666667e-01 -9.240000e-01 9.290000e-01 9.290000e-01 -9.240000e-01 -9.240000e-01 9.290000e-01 1.522272e-01
160 -1.333333e+00 -1.333333e+00 -1.333333e+00 -1.333333e+00 -1.333333e+00 -1.333333e+00 1.333333e+00 1.333333e+00 -1.333333e+00 -1.333333e+00 -1.333333e+00 -1.333333e+00 2 2 1.333333e+00 1.333333e+00 1.333333e+00 1.333333e+00 -1.333333e+00 -1.333333e+00 -1.333333e+00 -1.333333e+00 -1.333333e+00 -1.333333e+00 -9.240000e-01 9.290000e-01 9.290000e-01 -9.240000e-01 -9.240000e-01 9.290000e-01 9.166907e-02
161 -2 -2 -2 -2 -2 -2 2 2 -2 -2 -2 -2 2 2 2 2 2 2 -2 -2 -2 -2 -2 -2 -9.240000e-01 9.290000e-01 9.290000e-01 -9.240000e-01 -9.240000e-01 9.290000e-01 2.174404e-02
162 -2 -2 -2 -2 -2 -2 2 2 -2 -2 -2 -2 2 2 2 2 2 2 -2 -2 -2 -2 -2 -2 -9.240000e-01 9.290000e-01 9.290000e-01 -9.240000e-01 -9.240000e-01 9.290000e-01 2.174092e-02
163 -2 -2 -2 -2 -2 -2 2 2 -2 -2 -2 -2 1.333333e+00 1.333333e+00 2 2 2 2 -2 -2 -2 -2 -2 -2 -9.240000e-01 9.290000e-01 9.290000e-01 -9.240000e-01 -9.240000e-01 9.290000e-01 1.846383e-02
164 -2 -2 -2 -2 -2 -2 2 2 -2 -2 -2 -2 6.666667e-01 6.666667e-01 2 2 2 2 -2 -2 -2 -2 -2 -2 -9.240000e-01 9.290000e-01 9.290000e-01 -9.240000e-01 -9.240000e-01 9.290000e-01 1.396204e-02
165 -2 -2 -2 -2 -2 -2 2 2 -2 -2 -2 -2 0 0 2 2 2 2 -2 -2 -2 -2 -2 -2 -9.240000e-01 9.290000e-01 9.290000e-01 -9.240000e-01 -9.240000e-01 9.290000e-01 1.126542e-02
166 -2 -2 -2 -2 -2 -2 2 2 -2 -2 -2 -2 -6.666667e-01 -6.666667e-01 2 2 2 2 -2 -2 -2 -2 -2 -2 -9.240000e-01 9.290000e-01 9.290000e-01 -9.240000e-01 -9.240000e-01 9.290000e-01 1.802637e-02
167 -2 -2 -2 -2 -2 -2 2 2 -2 -2 -2 -2 -1.333333e+00 -1.333333e+00 2 2 2 2 -2 -2 -2 -2 -2 -2 -9.240000e-01 9.290000e-01 9.290000e-01 -9.240000e-01 -9.240000e-01 9.290000e-01 1.981175e-02
168 -2 -2 -2 -2 -2 -2 2 2 -2 -2 -2 -2 -2 -2 2 2 2 2 -2 -2 -2 -2 -2 -2 -9.240000e-01 9.290000e-01 9.290000e-01 -9.240000e-01 -9.240000e-01 9.290000e-01 2.070250e-02
169 -2 -2 -2 -2 -2 -2 2 2 -2 -2 -2 -2 -2 -2 2 2 2 2 -2 -2 -2 -2 -2 -2 9.290000e-01 -9.240000e-01 -9.240000e-01 9.290000e-01 -9.240000e-01 9.290000e-01 2.109774e-02
170 -1.333333e+00 -1.333333e+00 -1.333333e+00 -1.333333e+00 -1.333333e+00 -1.333333e+00 1.333333e+00 1.333333e+00 -1.333333e+00 -1.333333e+00 -1.333333e+00 -1.333333e+00 -2 -2 1.333333e+00 1.333333e+00 1.333333e+00 1.333333e+00 -1.333333e+00 -1.333333e+00 -1.333333e+00 -1.333333e+00 -1.333333e+00 -1.333333e+00 9.290000e-01 -9.240000e-01 -9.240000e-01 9.290000e-01 -9.240000e-01 9.290000e-01 5.007540e-02
171 -6.666667e-01 -6.666667e-01 -6.666667e-01 -6.666667e-01 -6.666667e-01 -6.666667e-01 6.666667e-01 6.666667e-01 -6.666667e-01 -6.666667e-01 -6.666667e-01 -6.666667e-01 -2 -2 6.666667e-01 6.666667e-01 6.666667e-01 6.666667e-01 -6.666667e-01 -6.666667e-01 -6.666667e-01 -6.666667e-01 -6.666667e-01 -6.666667e-01 9.290000e-01 -9.240000e-01 -9.240000e-01 9.290000e-01 -9.240000e-01 9.290000e-01 1.520840e-01
172 0 0 0 0 0 0 0 0 0 0 0 0 -2 -2 0 0 0 0 0 0 0 0 0 0 9.290000e-01 -9.240000e-01 -9.240000e-01 9.290000e-01 -9.240000e-01 9.290000e-01 1.735956e-01
173 6.666667e-01 6.666667e-01 6.666667e-01 6.666667e-01 6.666667e-01 6.666667e-01 -6.666667e-01 -6.666667e-01 6.666667e-01 6.666667e-01 6.666667e-01 6.666667e-01 -2 -2 -6.666667e-01 -6.666667e-01 -6.666667e-01 -6.666667e-01 6.666667e-01 6.666667e-01 6.666667e-01 6.666667e-01 6.666667e-01 6.666667e-01 9.290000e-01 -9.240000e-01 -9.240000e-01 9.290000e-01 -9.240000e-01 9.290000e-01 1.066004e-02
174 1.333333e+00 1.333333e+00 1.333333e+00 1.333333e+00 1.333333e+00 1.333333e+00 -1.333333e+00 -1.333333e+00 1.333333e+00 1.333333e+00 1.333333e+00 1.333333e+00 -2 -2 -1.333333e+00 -1.333333e+00 -1.333333e+00 -1.333333e+00 1.333333e+00 1.333333e+00 1.333333e+00 1.333333e+00 1.333333e+00 1.333333e+00 9.290000e-01 -9.240000e-01 -9.240000e-01 9.290000e-01 -9.240000e-01 9.290000e-01 1.905302e-03
175 2 2 2 2 2 2 -2 -2 2 2 2 2 -2 -2 -2 -2 -2 -2 2 2 2 2 2 2 9.290000e-01 -9.240000e-01 -9.240000e-01 9.290000e-01 -9.240000e-01 9.290000e-01 1.664481e-03
176 2 2 2 2 2 2 -2 -2 2 2 2 2 -2 -2 -2 -2 -2 -2 2 2 2 2 2 2 9.290000e-01 -9.240000e-01 -9.240000e-01 9.290000e-01 -9.240000e-01 9.290000e-01 1.664487e-03
177 2 2 2 2 2 2 -2 -2 2 2 2 2 -1.333333e+00 -1.333333e+00 -2 -2 -2 -2 2 2 2 2 2 2 9.290000e-01 -9.240000e-01 -9.240000e-01 9.290000e-01 -9.240000e-01 9.290000e-01 1.667435e-03
178 2 2 2 2 2 2 -2 -2 2 2 2 2 -6.666667e-01 -6.666667e-01 -2 -2 -2 -2 2 2 2 2 2 2 9.290000e-01 -9.240000e-01 -9.240000e-01 9.290000e-01 -9.240000e-01 9.290000e-01 1.706023e-03
179 2 2 2 2 2 2 -2 -2 2 2 2 2 0 0 -2 -2 -2 -2 2 2 2 2 2 2 9.290000e-01 -9.240000e-01 -9.240000e-01 9.290000e-01 -9.240000e-01 9.290000e-01 1.980625e-03
180 2 2 2 2 2 2 -2 -2 2 2 2 2 6.666667e-01 6.666667e-01 -2 -2 -2 -2 2 2 2 2 2 2 9.290000e-01 -9.240000e-01 -9.240000e-01 9.290000e-01 -9.240000e-01 9.290000e-01 1.878165e-03
181 2 2 2 2 2 2 -2 -2 2 2 2 2 1.333333e+00 1.333333e+00 -2 -2 -2 -2 2 2 2 2 2 2 9.290000e-01 -9.240000e-01 -9.240000e-01 9.290000e-01 -9.240000e-01 9.290000e-01 1.779728e-03
182 2 2 2 2 2 2 -2 -2 2 2 2 2 2 2 -2 -2 -2 -2 2 2 2 2 2 2 9.290000e-01 -9.240000e-01 -9.240000e-01 9.290000e-01 -9.240000e-01 9.290000e-01 1.721851e-03
183 2 2 2 2 2 2 -2 -2 2 2 2 2 2 2 -2 -2 -2 -2 2 2 2 2 2 2 9.290000e-01 -9.240000e-01 -9.240000e-01 9.290000e-01 -9.240000e-01 9.290000e-01 1.721851e-03
184 1.333333e+00 1.333333e+00 1.333333e+00 1.333333e+00 1.333333e+00 1.333333e+00 -1.333333e+00 -1.333333e+00 1.333333e+00 1.333333e+00 1.333333e+00 1.333333e+00 2 2 -1.333333e+00 -1.333333e+00 -1.333333e+00 -1.333333e+00 1.333333e+00 1.333333e+00 1.333333e+00 1.333333e+00 1.333333e+00 1.333333e+00 9.290000e-01 -9.240000e-01 -9.240000e-01 9.290000e-01 -9.240000e-01 9.290000e-01 1.913385e-03
185 6.666667e-01 6.666667e-01 6.666667e-01 6.666667e-01 6.666667e-01 6.666667e-01 -6.666667e-01 -6.666667e-01 6.666667e-01 6.666667e-01 6.666667e-01 6.666667e-01 2 2 -6.666667e-01 -6.666667e-01 -6.666667e-01 -6.666667e-01 6.666667e-01 6.666667e-01 6.666667e-01 6.666667e-01 6.666667e-01 6.666667e-01 9.290000e-01 -9.240000e-01 -9.240000e-01 9.290000e-01 -9.240000e-01 9.290000e-01 1.208802e-02
186 0 0 0 0 0 0 0 0 0 0 0 0 2 2 0 0 0 0 0 0 0 0 0 0 9.290000e-01 -9.240000e-01 -9.240000e-01 9.290000e-01 -9.240000e-01 9.290000e-01 1.748996e-01
187 -6.666667e-01 -6.666667e-01 -6.666667e-01 -6.666667e-01 -6.666667e-01 -6.666667e-01 6.666667e-01 6.666667e-01 -6.666667e-01 -6.666667e-01 -6.666667e-01 -6.666667e-01 2 2 6.666667e-01 6.666667e-01 6.666667e-01 6.666667e-01 -6.666667e-01 -6.666667e-01 -6.666667e-01 -6.666667e-01 -6.666667e-01 -6.666667e-01 9.290000e-01 -9.240000e-01 -9.240000e-01 9.290000e-01 -9.240000e-01 9.290000e-01 1.519804e-01
188 -1.333333e+00 -1.333333e+00 -1.333333e+00 -1.333333e+00 -1.333333e+00 -1.333333e+00 1.333333e+00 1.333333e+00 -1.333333e+00 -1.333333e+00 -1.333333e+00 -1.333333e+00 2 2 1.333333e+00 1.333333e+00 1.333333e+00 1.333333e+00 -1.333333e+00 -1.333333e+00 -1.333333e+00 -1.333333e+00 -1.333333e+00 -1.333333e+00 9.290000e-01 -9.240000e-01 -9.240000e-01 9.290000e-01 -9.240000e-01 9.290000e-01 9.170424e-02
189 -2 -2 -2 -2 -2 -2 2 2 -2 -2 -2 -2 2 2 2 2 2 2 -2 -2 -2 -2 -2 -2 9.290000e-01 -9.240000e-01 -9.240000e-01 9.290000e-01 -9.240000e-01 9.290000e-01 2.212822e-02
190 -2 -2 -2 -2 -2 -2 2 2 -2 -2 -2 -2 2 2 2 2 2 2 -2 -2 -2 -2 -2 -2 9.290000e-01 -9.240000e-01 -9.240000e-01 9.290000e-01 -9.240000e-01 9.290000e-01 2.212522e-02
191 -2 -2 -2 -2 -2 -2 2 2 -2 -2 -2 -2 1.333333e+00 1.333333e+00 2 2 2 2 -2 -2 -2 -2 -2 -2 9.290000e-01 -9.240000e-01 -9.240000e-01 9.290000e-01 -9.240000e-01 9.290000e-01 1.966477e-02
192 -2 -2 -2 -2 -2 -2 2 2 -2 -2 -2 -2 6.666667e-01 6.666667e-01 2 2 2 2 -2 -2 -2 -2 -2 -2 9.290000e-01 -9.240000e-01 -9.240000e-01 9.290000e-01 -9.240000e-01 9.290000e-01 1.511781e-02
193 -2 -2 -2 -2 -2 -2 2 2 -2 -2 -2 -2 0 0 2 2 2 2 -2 -2 -2 -2 -2 -2 9.290000e-01 -9.240000e-01 -9.240000e-01 9.290000e-01 -9.240000e-01 9.290000e-01 1.182041e-02
194 -2 -2 -2 -2 -2 -2 2 2 -2 -2 -2 -2 -6.666667e-01 -6.666667e-01 2 2 2 2 -2 -2 -2 -2 -2 -2 9.290000e-01 -9.240000e-01 -9.240000e-01 9.290000e-01 -9.240000e-01 9.290000e-01 1.845062e-02
195 -2 -2 -2 -2 -2 -2 2 2 -2 -2 -2 -2 -1.333333e+00 -1.333333e+00 2 2 2 2 -2 -2 -2 -2 -2 -2 9.290000e-01 -9.240000e-01 -9.240000e-01 9.290000e-01 -9.240000e-01 9.290000e-01 2.003638e-02
196 -2 -2 -2 -2 -2 -2 2 2 -2 -2 -2 -2 -2 -2 2 2 2 2 -2 -2 -2 -2 -2 -2 9.290000e-01 -9.240000e-01 -9.240000e-01 9.290000e-01 -9.240000e-01 9.290000e-01 2.109781e-02
197 -2 -2 -2 -2 -2 -2 2 2 -2 -2 -2 -2 -2 -2 2 2 2 2 -2 -2 -2 -2 -2 -2 -9.240000e-01 9.290000e-01 -9.240000e-01 9.290000e-01 -9.240000e-01 9.290000e-01 2.070419e-02
198 -1.333333e+00 -1.333333e+00 -1.333333e+00 -1.333333e+00 -1.333333e+00 -1.333333e+00 1.333333e+00 1.333333e+00 -1.333333e+00 -1.333333e+00 -1.333333e+00 -1.333333e+00 -2 -2 1.333333e+00 1.333333e+00 1.333333e+00 1.333333e+00 -1.333333e+00 -1.333333e+00 -1.333333e+00 -1.333333e+00 -1.333333e+00 -1.333333e+00 -9.240000e-01 9.290000e-01 -9.240000e-01 9.290000e-01 -9.240000e-01 9.290000e-01 4.970212e-02
199 -6.666667e-01 -6.666667e-01 -6.666667e-01 -6.666667e-01 -6.666667e-01 -6.666667e-01 6.666667e-01 6.666667e-01 -6.666667e-01 -6.666667e-01 -6.666667e-01 -6.666667e-01 -2 -2 6.666667e-01 6.666667e-01 6.666667e-01 6.666667e-01 -6.666667e-01 -6.666667e-01 -6.666667e-01 -6.666667e-01 -6.666667e-01 -6.666667e-01 -9.240000e-01 9.290000e-01 -9.240000e-01 9.290000e-01 -9.240000e-01 9.290000e-01 1.523588e-01
200 0 0 0 0 0 0 0 0 0 0 0 0 -2 -2 0 0 0 0 0 0 0 0 0 0 -9.240000e-01 9.290000e-01 -9.240000e-01 9.290000e-01 -9.240000e-01 9.290000e-01 1.749806e-01
201 6.666667e-01 6.666667e-01 6.666667e-01 6.666667e-01 6.666667e-01 6.666667e-01 -6.666667e-01 -6.666667e-01 6.666667e-01 6.666667e-01 6.666667e-01 6.666667e-01 -2 -2 -6.666667e-01 -6.666667e-01 -6.666667e-01 -6.666667e-01 6.666667e-01 6.666667e-01 6.666667e-01 6.666667e-01 6.666667e-01 6.666667e-01 -9.240000e-01 9.290000e-01 -9.240000e-01 9.290000e-01 -9.240000e-01 9.290000e-01 1.159880e-02
202 1.333333e+00 1.333333e+00 1.333333e+00 1.333333e+00 1.333333e+00 1.333333e+00 -1.333333e+00 -1.333333e+00 1.333333e+00 1.333333e+00 1.333333e+00 1.333333e+00 -2 -2 -1.333333e+00 -1.333333e+00 -1.333333e+00 -1.333333e+00 1.333333e+00 1.333333e+00 1.333333e+00 1.333333e+00 1.333333e+00 1.333333e+00 -9.240000e-01 9.290000e-01 -9.240000e-01 9.290000e-01 -9.240000e-01 9.290000e-01 2.789490e-03
203 2 2 2 2 2 2 -2 -2 2 2 2 2 -2 -2 -2 -2 -2 -2 2 2 2 2 2 2 -9.240000e-01 9.290000e-01 -9.240000e-01 9.290000e-01 -9.240000e-01 9.290000e-01 2.640075e-03
204 2 2 2 2 2 2 -2 -2 2 2 2 2 -2 -2 -2 -2 -2 -2 2 2 2 2 2 2 -9.240000e-01 9.290000e-01 -9.240000e-01 9.290000e-01 -9.240000e-01 9.290000e-01 2.640075e-03
205 2 2 2 2 2 2 -2 -2 2 2 2 2 -1.333333e+00 -1.333333e+00 -2 -2 -2 -2 2 2 2 2 2 2 -9.240000e-01 9.290000e-01 -9.240000e-01 9.290000e-01 -9.240000e-01 9.290000e-01 2.584241e-03
206 2 2 2 2 2 2 -2 -2 2 2 2 2 -6.666667e-01 -6.666667e-01 -2 -2 -2 -2 2 2 2 2 2 2 -9.240000e-01 9.290000e-01 -9.240000e-01 9.290000e-01 -9.240000e-01 9.290000e-01 2.599951e-03
207 2 2 2 2 2 2 -2 -2 2 2 2 2 0 0 -2 -2 -2 -2 2 2 2 2 2 2 -9.240000e-01 9.290000e-01 -9.240000e-01 9.290000e-01 -9.240000e-01 9.290000e-01 2.747268e-03
208 2 2 2 2 2 2 -2 -2 2 2 2 2 6.666667e-01 6.666667e-01 -2 -2 -2 -2 2 2 2 2 2 2 -9.240000e-01 9.290000e-01 -9.240000e-01 9.290000e-01 -9.240000e-01 9.290000e-01 2.617465e-03
209 2 2 2 2 2 2 -2 -2 2 2 2 2 1.333333e+00 1.333333e+00 -2 -2 -2 -2 2 2 2 2 2 2 -9.240000e-01 9.290000e-01 -9.240000e-01 9.290000e-01 -9.240000e-01 9.290000e-01 2.573916e-03
210 2 2 2 2 2 2 -2 -2 2 2 2 2 2 2 -2 -2 -2 -2 2 2 2 2 2 2 -9.240000e-01 9.290000e-01 -9.240000e-01 9.290000e-01 -9.240000e-01 9.290000e-01 2.554486e-03
211 2 2 2 2 2 2 -2 -2 2 2 2 2 2 2 -2 -2 -2 -2 2 2 2 2 2 2 -9.240000e-01 9.290000e-01 -9.240000e-01 9.290000e-01 -9.240000e-01 9.290000e-01 2.554485e-03
212 1.333333e+00 1.333333e+00 1.333333e+00 1.333333e+00 1.333333e+00 1.333333e+00 -1.333333e+00 -1.333333e+00 1.333333e+00 1.333333e+00 1.333333e+00 1.333333e+00 2 2 -1.333333e+00 -1.333333e+00 -1.333333e+00 -1.333333e+00 1.333333e+00 1.333333e+00 1.333333e+00 1.333333e+00 1.333333e+00 1.333333e+00 -9.240000e-01 9.290000e-01 -9.240000e-01 9.290000e-01 -9.240000e-01 9.290000e-01 2.662475e-03
213 6.666667e-01 6.666667e-01 6.666667e-01 6.666667e-01 6.666667e-01 6.666667e-01 -6.666667e-01 -6.666667e-01 6.666667e-01 6.666667e-01 6.666667e-01 6.666667e-01 2 2 -6.666667e-01 -6.666667e-01 -6.666667e-01 -6.666667e-01 6.666667e-01 6.666667e-01 6.666667e-01 6.666667e-01 6.666667e-01 6.666667e-01 -9.240000e-01 9.290000e-01 -9.240000e-01 9.290000e-01 -9.240000e-01 9.290000e-01 1.278992e-02
214 0 0 0 0 0 0 0 0 0 0 0 0 2 2 0 0 0 0 0 0 0 0 0 0 -9.240000e-01 9.290000e-01 -9.240000e-01 9.290000e-01 -9.240000e-01 9.290000e-01 1.744038e-01
215 -6.666667e-01 -6.666667e-01 -6.666667e-01 -6.666667e-01 -6.666667e-01 -6.666667e-01 6.666667e-01 6.666667e-01 -6.666667e-01 -6.666667e-01 -6.666667e-01 -6.666667e-01 2 2 6.666667e-01 6.666667e-01 6.666667e-01 6.666667e-01 -6.666667e-01 -6.666667e-01 -6.666667e-01 -6.666667e-01 -6.666667e-01 -6.666667e-01 -9.240000e-01 9.290000e-01 -9.240000e-01 9.290000e-01 -9.240000e-01 9.290000e-01 1.522640e-01
216 -1.333333e+00 -1.333333e+00 -1.333333e+00 -1.333333e+00 -1.333333e+00 -1.333333e+00 1.333333e+00 1.333333e+00 -1.333333e+00 -1.333333e+00 -1.333333e+00 -1.333333e+00 2 2 1.333333e+00 1.333333e+00 1.333333e+00 1.333333e+00 -1.333333e+00 -1.333333e+00 -1.333333e+00 -1.333333e+00 -1.333333e+00 -1.333333e+00 -9.240000e-01 9.290000e-01 -9.240000e-01 9.290000e-01 -9.240000e-01 9.290000e-01 9.167028e-02
217 -2 -2 -2 -2 -2 -2 2 2 -2 -2 -2 -2 2 2 2 2 2 2 -2 -2 -2 -2 -2 -2 -9.240000e-01 9.290000e-01 -9.240000e-01 9.290000e-01 -9.240000e-01 9.290000e-01 2.173442e-02
218 -2 -2 -2 -2 -2 -2 2 2 -2 -2 -2 -2 2 2 2 2 2 2 -2 -2 -2 -2 -2 -2 -9.240000e-01 9.290000e-01 -9.240000e-01 9.290000e-01 -9.240000e-01 9.290000e-01 2.173145e-02
219 -2 -2 -2 -2 -2 -2 2 2 -2 -2 -2 -2 1.333333e+00 1.333333e+00 2 2 2 2 -2 -2 -2 -2 -2 -2 -9.240000e-01 9.290000e-01 -9.240000e-01 9.290000e-01 -9.240000e-01 9.290000e-01 1.847395e-02
220 -2 -2 -2 -2 -2 -2 2 2 -2 -2 -2 -2 6.666667e-01 6.666667e-01 2 2 2 2 -2 -2 -2 -2 -2 -2 -9.240000e-01 9.290000e-01 -9.240000e-01 9.290000e-01 -9.240000e-01 9.290000e-01 1.397065e-02
221 -2 -2 -2 -2 -2 -2 2 2 -2 -2 -2 -2 0 0 2 2 2 2 -2 -2 -2 -2 -2 -2 -9.240000e-01 9.290000e-01 -9.240000e-01 9.290000e-01 -9.240000e-01 9.290000e-01 1.124759e-02
222 -2 -2 -2 -2 -2 -2 2 2 -2 -2 -2 -2 -6.666667e-01 -6.666667e-01 2 2 2 2 -2 -2 -2 -2 -2 -2 -9.240000e-01 9.290000e-01 -9.240000e-01 9.290000e-01 -9.240000e-01 9.290000e-01 1.801187e-02
223 -2 -2 -2 -2 -2 -2 2 2 -2 -2 -2 -2 -1.333333e+00 -1.333333e+00 2 2 2 2 -2 -2 -2 -2 -2 -2 -9.240000e-01 9.290000e-01 -9.240000e-01 9.290000e-01 -9.240000e-01 9.290000e-01 1.979038e-02
224 -2 -2 -2 -2 -2 -2 2 2 -2 -2 -2 -2 -2 -2 2 2 2 2 -2 -2 -2 -2 -2 -2 -9.240000e-01 9.290000e-01 -9.240000e-01 9.290000e-01 -9.240000e-01 9.290000e-01 2.068546e-02
225 -2 -2 -2 -2 -2 -2 2 2 -2 -2 -2 -2 -2 -2 2 2 2 2 -2 -2 -2 -2 -2 -2 9.290000e-01 -9.240000e-01 9.290000e-01 -9.240000e-01 9.290000e-01 -9.240000e-01 2.104377e-02
226 -1.333333e+00 -1.333333e+00 -1.333333e+00 -1.333333e+00 -1.333333e+00 -1.333333e+00 1.333333e+00 1.333333e+00 -1.333333e+00 -1.333333e+00 -1.333333e+00 -1.333333e+00 -2 -2 1.333333e+00 1.333333e+00 1.333333e+00 1.333333e+00 -1.333333e+00 -1.333333e+00 -1.333333e+00 -1.333333e+00 -1.333333e+00 -1.333333e+00 9.290000e-01 -9.240000e-01 9.290000e-01 -9.240000e-01 9.290000e-01 -9.240000e-01 4.995648e-02
227 -6.666667e-01 -6.666667e-01 -6.666667e-01 -6.666667e-01 -6.666667e-01 -6.666667e-01 6.666667e-01 6.666667e-01 -6.666667e-01 -6.666667e-01 -6.666667e-01 -6.666667e-01 -2 -2 6.666667e-01 6.666667e-01 6.666667e-01 6.666667e-01 -6.666667e-01 -6.666667e-01 -6.666667e-01 -6.666667e-01 -6.666667e-01 -6.666667e-01 9.290000e-01 -9.240000e-01 9.290000e-01 -9.240000e-01 9.290000e-01 -9.240000e-01 1.516282e-01
228 0 0 0 0 0 0 0 0 0 0 0 0 -2 -2 0 0 0 0 0 0 0 0 0 0 9.290000e-01 -9.240000e-01 9.290000e-01 -9.240000e-01 9.290000e-01 -9.240000e-01 1.721159e-01
229 6.666667e-01 6.666667e-01 6.666667e-01 6.666667e-01 6.666667e-01 6.666667e-01 -6.666667e-01 -6.666667e-01 6.666667e-01 6.666667e-01 6.666667e-01 6.666667e-01 -2 -2 -6.666667e-01 -6.666667e-01 -6.666667e-01 -6.666667e-01 6.666667e-01 6.666667e-01 6.666667e-01 6.666667e-01 6.666667e-01 6.666667e-01 9.290000e-01 -9.240000e-01 9.290000e-01 -9.240000e-01 9.290000e-01 -9.240000e-01 9.528009e-03
230 1.333333e+00 1.333333e+00 1.333333e+00 1.333333e+00 1.333333e+00 1.333333e+00 -1.333333e+00 -1.333333e+00 1.333333e+00 1.333333e+00 1.333333e+00 1.333333e+00 -2 -2 -1.333333e+00 -1.333333e+00 -1.333333e+00 -1.333333e+00 1.333333e+00 1.333333e+00 1.333333e+00 1.333333e+00 1.333333e+00 1.333333e+00 9.290000e-01 -9.240000e-01 9.290000e-01 -9.240000e-01 9.290000e-01 -9.240000e-01 -2.198716e-04
231 2 2 2 2 2 2 -2 -2 2 2 2 2 -2 -2 -2 -2 -2 -2 2 2 2 2 2 2 9.290000e-01 -9.240000e-01 9.290000e-01 -9.240000e-01 9.290000e-01 -9.240000e-01 -1.242815e-03
232 2 2 2 2 2 2 -2 -2 2 2 2 2 -2 -2 -2 -2 -2 -2 2 2 2 2 2 2 9.290000e-01 -9.240000e-01 9.290000e-01 -9.240000e-01 9.290000e-01 -9.240000e-01 -1.242816e-03
233 2 2 2 2 2 2 -2 -2 2 2 2 2 -1.333333e+00 -1.333333e+00 -2 -2 -2 -2 2 2 2 2 2 2 9.290000e-01 -9.240000e-01 9.290000e-01 -9.240000e-01 9.290000e-01 -9.240000e-01 -1.064028e-03
234 2 2 2 2 2 2 -2 -2 2 2 2 2 -6.666667e-01 -6.666667e-01 -2 -2 -2 -2 2 2 2 2 2 2 9.290000e-01 -9.240000e-01 9.290000e-01 -9.240000e-01 9.290000e-01 -9.240000e-01 -9.244817e-04
235 2 2 2 2 2 2 -2 -2 2 2 2 2 0 0 -2 -2 -2 -2 2 2 2 2 2 2 9.290000e-01 -9.240000e-01 9.290000e-01 -9.240000e-01 9.290000e-01 -9.240000e-01 -9.081062e-04
236 2 2 2 2 2 2 -2 -2 2 2 2 2 6.666667e-01 6.666667e-01 -2 -2 -2 -2 2 2 2 2 2 2 9.290000e-01 -9.240000e-01 9.290000e-01 -9.240000e-01 9.290000e-01 -9.240000e-01 -8.717440e-04
237 2 2 2 2 2 2 -2 -2 2 2 2 2 1.333333e+00 1.333333e+00 -2 -2 -2 -2 2 2 2 2 2 2 9.290000e-01 -9.240000e-01 9.290000e-01 -9.240000e-01 9.290000e-01 -9.240000e-01 -8.373018e-04
238 2 2 2 2 2 2 -2 -2 2 2 2 2 2 2 -2 -2 -2 -2 2 2 2 2 2 2 9.290000e-01 -9.240000e-01 9.290000e-01 -9.240000e-01 9.290000e-01 -9.240000e-01 -8.034348e-04
239 2 2 2 2 2 2 -2 -2 2 2 2 2 2 2 -2 -2 -2 -2 2 2 2 2 2 2 9.290000e-01 -9.240000e-01 9.290000e-01 -9.240000e-01 9.290000e-01 -9.240000e-01 -8.034266e-04
240 1.333333e+00 1.333333e+00 1.333333e+00 1.333333e+00 1.333333e+00 1.333333e+00 -1.333333e+00 -1.333333e+00 1.333333e+00 1.333333e+00 1.333333e+00 1.333333e+00 2 2 -1.333333e+00 -1.333333e+00 -1.333333e+00 -1.333333e+00 1.333333e+00 1.333333e+00 1.333333e+00 1.333333e+00 1.333333e+00 1.333333e+00 9.290000e-01 -9.240000e-01 9.290000e-01 -9.240000e-01 9.290000e-01 -9.240000e-01 -1.082796e-04
241 6.666667e-01 6.666667e-01 6.666667e-01 6.666667e-01 6.666667e-01 6.666667e-01 -6.666667e-01 -6.666667e-01 6.666667e-01 6.666667e-01 6.666667e-01 6.666667e-01 2 2 -6.666667e-01 -6.666667e-01 -6.666667e-01 -6.666667e-01 6.666667e-01 6.666667e-01 6.666667e-01 6.666667e-01 6.666667e-01 6.666667e-01 9.290000e-01 -9.240000e-01 9.290000e-01 -9.240000e-01 9.290000e-01 -9.240000e-01 -1.114021e-02
242 0 0 0 0 0 0 0 0 0 0 0 0 2 2 0 0 0 0 0 0 0 0 0 0 9.290000e-01 -9.240000e-01 9.290000e-01 -9.240000e-01 9.290000e-01 -9.240000e-01 -8.395342e-02
243 -6.666667e-01 -6.666667e-01 -6.666667e-01 -6.666667e-01 -6.666667e-01 -6.666667e-01 6.666667e-01 6.666667e-01 -6.666667e-01 -6.666667e-01 -6.666667e-01 -6.666667e-01 2 2 6.666667e-01 6.666667e-01 6.666667e-01 6.666667e-01 -6.666667e-01 -6.666667e-01 -6.666667e-01 -6.666667e-01 -6.666667e-01 -6.666667e-01 9.290000e-01 -9.240000e-01 9.290000e-01 -9.240000e-01 9.290000e-01 -9.240000e-01 -6.953024e-02
244 -1.333333e+00 -1.333333e+00 -1.333333e+00 -1.333333e+00 -1.333333e+00 -1.333333e+00 1.333333e+00 1.333333e+00 -1.333333e+00 -1.333333e+00 -1.333333e+00 -1.333333e+00 2 2 1.333333e+00 1.333333e+00 1.333333e+00 1.333333e+00 -1.333333e+00 -1.333333e+00 -1.333333e+00 -1.333333e+00 -1.333333e+00 -1.333333e+00 9.290000e-01 -9.240000e-01 9.290000e-01 -9.240000e-01 9.290000e-01 -9.240000e-01 -5.443509e-02
245 -2 -2 -2 -2 -2 -2 2 2 -2 -2 -2 -2 2 2 2 2 2 2 -2 -2 -2 -2 -2 -2 9.290000e-01 -9.240000e-01 9.290000e-01 -9.240000e-01 9.290000e-01 -9.240000e-01 2.201851e-02
246 -2 -2 -2 -2 -2 -2 2 2 -2 -2 -2 -2 2 2 2 2 2 2 -2 -2 -2 -2 -2 -2 9.290000e-01 -9.240000e-01 9.290000e-01 -9.240000e-01 9.290000e-01 -9.240000e-01 2.202190e-02
247 -2 -2 -2 -2 -2 -2 2 2 -2 -2 -2 -2 1.333333e+00 1.333333e+00 2 2 2 2 -2 -2 -2 -2 -2 -2 9.290000e-01 -9.240000e-01 9.290000e-01 -9.240000e-01 9.290000e-01 -9.240000e-01 1.956077e-02
248 -2 -2 -2 -2 -2 -2 2 2 -2 -2 -2 -2 6.666667e-01 6.666667e-01 2 2 2 2 -2 -2 -2 -2 -2 -2 9.290000e-01 -9.240000e-01 9.290000e-01 -9.240000e-01 9.290000e-01 -9.240000e-01 1.503306e-02
249 -2 -2 -2 -2 -2 -2 2 2 -2 -2 -2 -2 0 0 2 2 2 2 -2 -2 -2 -2 -2 -2 9.290000e-01 -9.240000e-01 9.290000e-01 -9.240000e-01 9.290000e-01 -9.240000e-01 1.174260e-02
250 -2 -2 -2 -2 -2 -2 2 2 -2 -2 -2 -2 -6.666667e-01 -6.666667e-01 2 2 2 2 -2 -2 -2 -2 -2 -2 9.290000e-01 -9.240000e-01 9.290000e-01 -9.240000e-01 9.290000e-01 -9.240000e-01 1.837958e-02
251 -2 -2 -2 -2 -2 -2 2 2 -2 -2 -2 -2 -1.333333e+00 -1.333333e+00 2 2 2 2 -2 -2 -2 -2 -2 -2 9.290000e-01 -9.240000e-01 9.290000e-01 -9.240000e-01 9.290000e-01 -9.240000e-01 1.997334e-02
252 -2 -2 -2 -2 -2 -2 2 2 -2 -2 -2 -2 -2 -2 2 2 2 2 -2 -2 -2 -2 -2 -2 9.290000e-01 -9.240000e-01 9.290000e-01 -9.240000e-01 9.290000e-01 -9.240000e-01 2.104373e-02
253 -2 -2 -2 -2 -2 -2 2 2 -2 -2 -2 -2 -2 -2 2 2 2 2 -2 -2 -2 -2 -2 -2 9.290000e-01 -9.240000e-01 9.290000e-01 -9.240000e-01 9.290000e-01 -9.240000e-01 2.104746e-02
254 -1.333333e+00 -1.333333e+00 -1.333333e+00 -1.333333e+00 -1.333333e+00 -1.333333e+00 1.333333e+00 1.333333e+00 -1.333333e+00 -1.333333e+00 -1.333333e+00 -1.333333e+00 -2 -2 1.333333e+00 1.333333e+00 1.333333e+00 1.333333e+00 -1.333333e+00 -1.333333e+00 -1.333333e+00 -1.333333e+00 -1.333333e+00 -1.333333e+00 9.290000e-01 -9.240000e-01 9.290000e-01 -9.240000e-01 9.290000e-01 -9.240000e-01 4.995649e-02
255 -6.666667e-01 -6.666667e-01 -6.666667e-01 -6.666667e-01 -6.666667e-01 -6.666667e-01 6.666667e-01 6.666667e-01 -6.666667e-01 -6.666667e-01 -6.666667e-01 -6.666667e-01 -2 -2 6.666667e-01 6.666667e-01 6.666667e-01 6.666667e-01 -6.666667e-01 -6.666667e-01 -6.666667e-01 -6.666667e-01 -6.666667e-01 -6.666667e-01 9.290000e-01 -9.240000e-01 9.290000e-01 -9.240000e-01 9.290000e-01 -9.240000e-01 1.516282e-01
256 0 0 0 0 0 0 0 0 0 0 0 0 -2 -2 0 0 0 0 0 0 0 0 0 0 9.290000e-01 -9.240000e-01 9.290000e-01 -9.240000e-01 9.290000e-01 -9.240000e-01 1.721159e-01
257 6.666667e-01 6.666667e-01 6.666667e-01 6.666667e-01 6.666667e-01 6.666667e-01 -6.666667e-01 -6.666667e-01 6.666667e-01 6.666667e-01 6.666667e-01 6.666667e-01 -2 -2 -6.666667e-01 -6.666667e-01 -6.666667e-01 -6.666667e-01 6.666667e-01 6.666667e-01 6.666667e-01 6.666667e-01 6.666667e-01 6.666667e-01 9.290000e-01 -9.240000e-01 9.290000e-01 -9.240000e-01 9.290000e-01 -9.240000e-01 9.528009e-03
258 1.333333e+00 1.333333e+00 1.333333e+00 1.333333e+00 1.333333e+00 1.333333e+00 -1.333333e+00 -1.333333e+00 1.333333e+00 1.333333e+00 1.333333e+00 1.333333e+00 -2 -2 -1.333333e+00 -1.333333e+00 -1.333333e+00 -1.333333e+00 1.333333e+00 1.333333e+00 1.333333e+00 1.333333e+00 1.333333e+00 1.333333e+00 9.290000e-01 -9.240000e-01 9.290000e-01 -9.240000e-01 9.290000e-01 -9.240000e-01 -2.198716e-04
259 2 2 2 2 2 2 -2 -2 2 2 2 2 -2 -2 -2 -2 -2 -2 2 2 2 2 2 2 9.290000e-01 -9.240000e-01 9.290000e-01 -9.240000e-01 9.290000e-01 -9.240000e-01 -1.242815e-03
260 2 2 2 2 2 2 -2 -2 2 2 2 2 -2 -2 -2 -2 -2 -2 2 2 2 2 2 2 9.290000e-01 -9.240000e-01 9.290000e-01 -9.240000e-01 9.290000e-01 -9.240000e-01 -1.242816e-03
261 2 2 2 2 2 2 -2 -2 2 2 2 2 -1.333333e+00 -1.333333e+00 -2 -2 -2 -2 2 2 2 2 2 2 9.290000e-01 -9.240000e-01 9.290000e-01 -9.240000e-01 9.290000e-01 -9.240000e-01 -1.064028e-03
262 2 2 2 2 2 2 -2 -2 2 2 2 2 -6.666667e-01 -6.666667e-01 -2 -2 -2 -2 2 2 2 2 2 2 9.290000e-01 -9.240000e-01 9.290000e-01 -9.240000e-01 9.290000e-01 -9.240000e-01 -9.244817e-04
263 2 2 2 2 2 2 -2 -2 2 2 2 2 0 0 -2 -2 -2 -2 2 2 2 2 2 2 9.290000e-01 -9.240000e-01 9.290000e-01 -9.240000e-01 9.290000e-01 -9.240000e-01 -9.081062e-04
264 2 2 2 2 2 2 -2 -2 2 2 2 2 6.666667e-01 6.666667e-01 -2 -2 -2 -2 2 2 2 2 2 2 9.290000e-01 -9.240000e-01 9.290000e-01 -9.240000e-01 9.290000e-01 -9.240000e-01 -8.717440e-04
265 2 2 2 2 2 2 -2 -2 2 2 2 2 1.333333e+00 1.333333e+00 -2 -2 -2 -2 2 2 2 2 2 2 9.290000e-01 -9.240000e-01 9.290000e-01 -9.240000e-01 9.290000e-01 -9.240000e-01 -8.373018e-04
266 2 2 2 2 2 2 -2 -2 2 2 2 2 2 2 -2 -2 -2 -2 2 2 2 2 2 2 9.290000e-01 -9.240000e-01 9.290000e-01 -9.240000e-01 9.290000e-01 -9.240000e-01 -8.034348e-04
267 2 2 2 2 2 2 -2 -2 2 2 2 2 2 2 -2 -2 -2 -2 2 2 2 2 2 2 9.290000e-01 -9.240000e-01 9.290000e-01 -9.240000e-01 9.290000e-01 -9.240000e-01 -8.034266e-04
268 1.333333e+00 1.333333e+00 1.333333e+00 1.333333e+00 1.333333e+00 1.333333e+00 -1.333333e+00 -1.333333e+00 1.333333e+00 1.333333e+00 1.333333e+00 1.333333e+00 2 2 -1.333333e+00 -1.333333e+00 -1.333333e+00 -1.333333e+00 1.333333e+00 1.333333e+00 1.333333e+00 1.333333e+00 1.333333e+00 1.333333e+00 9.290000e-01 -9.240000e-01 9.290000e-01 -9.240000e-01 9.290000e-01 -9.240000e-01 -1.082796e-04
269 6.666667e-01 6.666667e-01 6.666667e-01 6.666667e-01 6.666667e-01 6.666667e-01 -6.666667e-01 -6.666667e-01 6.666667e-01 6.666667e-01 6.666667e-01 6.666667e-01 2 2 -6.666667e-01 -6.666667e-01 -6.666667e-01 -6.666667e-01 6.666667e-01 6.666667e-01 6.666667e-01 6.666667e-01 6.666667e-01 6.666667e-01 9.290000e-01 -9.240000e-01 9.290000e-01 -9.240000e-01 9.290000e-01 -9.240000e-01 -1.114021e-02
270 0 0 0 0 0 0 0 0 0 0 0 0 2 2 0 0 0 0 0 0 0 0 0 0 9.290000e-01 -9.240000e-01 9.290000e-01 -9.240000e-01 9.290000e-01 -9.240000e-01 -8.395342e-02
271 -6.666667e-01 -6.666667e-01 -6.666667e-01 -6.666667e-01 -6.666667e-01 -6.666667e-01 6.666667e-01 6.666667e-01 -6.666667e-01 -6.666667e-01 -6.666667e-01 -6.666667e-01 2 2 6.666667e-01 6.666667e-01 6.666667e-01 6.666667e-01 -6.666667e-01 -6.666667e-01 -6.666667e-01 -6.666667e-01 -6.666667e-01 -6.666667e-01 9.290000e-01 -9.240000e-01 9.290000e-01 -9.240000e-01 9.290000e-01 -9.240000e-01 -6.953024e-02
272 -1.333333e+00 -1.333333e+00 -1.333333e+00 -1.333333e+00 -1.333333e+00 -1.333333e+00 1.333333e+00 1.333333e+00 -1.333333e+00 -1.333333e+00 -1.333333e+00 -1.333333e+00 2 2 1.333333e+00 1.333333e+00 1.333333e+00 1.333333e+00 -1.333333e+00 -1.333333e+00 -1.333333e+00 -1.333333e+00 -1.333333e+00 -1.333333e+00 9.290000e-01 -9.240000e-01 9.290000e-01 -9.240000e-01 9.290000e-01 -9.240000e-01 -5.443509e-02
273 -2 -2 -2 -2 -2 -2 2 2 -2 -2 -2 -2 2 2 2 2 2 2 -2 -2 -2 -2 -2 -2 9.290000e-01 -9.240000e-01 9.290000e-01 -9.240000e-01 9.290000e-01 -9.240000e-01 2.201851e-02
274 -2 -2 -2 -2 -2 -2 2 2 -2 -2 -2 -2 2 2 2 2 2 2 -2 -2 -2 -2 -2 -2 9.290000e-01 -9.240000e-01 9.290000e-01 -9.240000e-01 9.290000e-01 -9.240000e-01 2.202190e-02
275 -2 -2 -2 -2 -2 -2 2 2 -2 -2 -2 -2 1.333333e+00 1.333333e+00 2 2 2 2 -2 -2 -2 -2 -2 -2 9.290000e-01 -9.240000e-01 9.290000e-01 -9.240000e-01 9.290000e-01 -9.240000e-01 1.956077e-02
276 -2 -2 -2 -2 -2 -2 2 2 -2 -2 -2 -2 6.666667e-01 6.666667e-01 2 2 2 2 -2 -2 -2 -2 -2 -2 9.290000e-01 -9.240000e-01 9.290000e-01 -9.240000e-01 9.290000e-01 -9.240000e-01 1.503306e-02
277 -2 -2 -2 -2 -2 -2 2 2 -2 -2 -2 -2 0 0 2 2 2 2 -2 -2 -2 -2 -2 -2 9.290000e-01 -9.240000e-01 9.290000e-01 -9.240000e-01 9.290000e-01 -9.240000e-01 1.174260e-02
278 -2 -2 -2 -2 -2 -2 2 2 -2 -2 -2 -2 -6.666667e-01 -6.666667e-01 2 2 2 2 -2 -2 -2 -2 -2 -2 9.290000e-01 -9.240000e-01 9.290000e-01 -9.240000e-01 9.290000e-01 -9.240000e-01 1.837958e-02
279 -2 -2 -2 -2 -2 -2 2 2 -2 -2 -2 -2 -1.333333e+00 -1.333333e+00 2 2 2 2 -2 -2 -2 -2 -2 -2 9.290000e-01 -9.240000e-01 9.290000e-01 -9.240000e-01 9.290000e-01 -9.240000e-01 1.997334e-02
280 -2 -2 -2 -2 -2 -2 2 2 -2 -2 -2 -2 -2 -2 2 2 2 2 -2 -2 -2 -2 -2 -2 9.290000e-01 -9.240000e-01 9.290000e-01 -9.240000e-01 9.290000e-01 -9.240000e-01 2.104373e-02
281 -2 -2 -2 -2 -2 -2 2 2 -2 -2 -2 -2 -2 -2 2 2 2 2 -2 -2 -2 -2 -2 -2 9.290000e-01 -9.240000e-01 9.290000e-01 -9.240000e-01 9.290000e-01 -9.240000e-01 2.104746e-02
282 -1.333333e+00 -1.333333e+00 -1.333333e+00 -1.333333e+00 -1.333333e+00 -1.333333e+00 1.333333e+00 1.333333e+00 -1.333333e+00 -1.333333e+00 -1.333333e+00 -1.333333e+00 -2 -2 1.333333e+00 1.333333e+00 1.333333e+00 1.333333e+00 -1.333333e+00 -1.333333e+00 -1.333333e+00 -1.333333e+00 -1.333333e+00 -1.333333e+00 9.290000e-01 -9.240000e-01 9.290000e-01 -9.240000e-01 9.290000e-01 -9.240000e-01 4.995649e-02
283 -6.666667e-01 -6.666667e-01 -6.666667e-01 -6.666667e-01 -6.666667e-01 -6.666667e-01 6.666667e-01 6.666667e-01 -6.666667e-01 -6.666667e-01 -6.666667e-01 -6.666667e-01 -2 -2 6.666667e-01 6.666667e-01 6.666667e-01 6.666667e-01 -6.666667e-01 -6.666667e-01 -6.666667e-01 -6.666667e-01 -6.666667e-01 -6.666667e-01 9.290000e-01 -9.240000e-01 9.290000e-01 -9.240000e-01 9.290000e-01 -9.240000e-01 1.516282e-01
284 0 0 0 0 0 0 0 0 0 0 0 0 -2 -2 0 0 0 0 0 0 0 0 0 0 9.290000e-01 -9.240000e-01 9.290000e-01 -9.240000e-01 9.290000e-01 -9.240000e-01 1.721159e-01
285 6.666667e-01 6.666667e-01 6.666667e-01 6.666667e-01 6.666667e-01 6.666667e-01 -6.666667e-01 -6.666667e-01 6.666667e-01 6.666667e-01 6.666667e-01 6.666667e-01 -2 -2 -6.666667e-01 -6.666667e-01 -6.666667e-01 -6.666667e-01 6.666667e-01 6.666667e-01 6.666667e-01 6.666667e-01 6.666667e-01 6.666667e-01 9.290000e-01 -9.240000e-01 9.290000e-01 -9.240000e-01 9.290000e-01 -9.240000e-01 9.528009e-03
286 1.333333e+00 1.333333e+00 1.333333e+00 1.333333e+00 1.333333e+00 1.333333e+00 -1.333333e+00 -1.333333e+00 1.333333e+00 1.333333e+00 1.333333e+00 1.333333e+00 -2 -2 -1.333333e+00 -1.333333e+00 -1.333333e+00 -1.333333e+00 1.333333e+00 1.333333e+00 1.333333e+00 1.333333e+00 1.333333e+00 1.333333e+00 9.290000e-01 -9.240000e-01 9.290000e-01 -9.240000e-01 9.290000e-01 -9.240000e-01 -2.198716e-04
287 2 2 2 2 2 2 -2 -2 2 2 2 2 -2 -2 -2 -2 -2 -2 2 2 2 2 2 2 9.290000e-01 -9.240000e-01 9.290000e-01 -9.240000e-01 9.290000e-01 -9.240000e-01 -1.242815e-03
288 2 2 2 2 2 2 -2 -2 2 2 2 2 -2 -2 -2 -2 -2 -2 2 2 2 2 2 2 9.290000e-01 -9.240000e-01 9.290000e-01 -9.240000e-01 9.290000e-01 -9.240000e-01 -1.242816e-03
289 2 2 2 2 2 2 -2 -2 2 2 2 2 -1.333333e+00 -1.333333e+00 -2 -2 -2 -2 2 2 2 2 2 2 9.290000e-01 -9.240000e-01 9.290000e-01 -9.240000e-01 9.290000e-01 -9.240000e-01 -1.064028e-03
290 2 2 2 2 2 2 -2 -2 2 2 2 2 -6.666667e-01 -6.666667e-01 -2 -2 -2 -2 2 2 2 2 2 2 9.290000e-01 -9.240000e-01 9.290000e-01 -9.240000e-01 9.290000e-01 -9.240000e-01 -9.244817e-04
291 2 2 2 2 2 2 -2 -2 2 2 2 2 0 0 -2 -2 -2 -2 2 2 2 2 2 2 9.290000e-01 -9.240000e-01 9.290000e-01 -9.240000e-01 9.290000e-01 -9.240000e-01 -9.081062e-04
292 2 2 2 2 2 2 -2 -2 2 2 2 2 6.666667e-01 6.666667e-01 -2 -2 -2 -2 2 2 2 2 2 2 9.290000e-01 -9.240000e-01 9.290000e-01 -9.240000e-01 9.290000e-01 -9.240000e-01 -8.717440e-04
293 2 2 2 2 2 2 -2 -2 2 2 2 2 1.333333e+00 1.333333e+00 -2 -2 -2 -2 2 2 2 2 2 2 9.290000e-01 -9.240000e-01 9.290000e-01 -9.240000e-01 9.290000e-01 -9.240000e-01 -8.373018e-04
294 2 2 2 2 2 2 -2 -2 2 2 2 2 2 2 -2 -2 -2 -2 2 2 2 2 2 2 9.290000e-01 -9.240000e-01 9.290000e-01 -9.240000e-01 9.290000e-01 -9.240000e-01 -8.034348e-04
295 2 2 2 2 2 2 -2 -2 2 2 2 2 2 2 -2 -2 -2 -2 2 2 2 2 2 2 9.290000e-01 -9.240000e-01 9.290000e-01 -9.240000e-01 9.290000e-01 -9.240000e-01 -8.034266e-04
296 1.333333e+00 1.333333e+00 1.333333e+00 1.333333e+00 1.333333e+00 1.333333e+00 -1.333333e+00 -1.333333e+00 1.333333e+00 1.333333e+00 1.333333e+00 1.333333e+00 2 2 -1.333333e+00 -1.333333e+00 -1.333333e+00 -1.333333e+00 1.333333e+00 1.333333e+00 1.333333e+00 1.333333e+00 1.333333e+00 1.333333e+00 9.290000e-01 -9.240000e-01 9.290000e-01 -9.240000e-01 9.290000e-01 -9.240000e-01 -1.082796e-04
297 6.666667e-01 6.666667e-01 6.666667e-01 6.666667e-01 6.666667e-01 6.666667e-01 -6.666667e-01 -6.666667e-01 6.666667e-01 6.666667e-01 6.666667e-01 6.666667e-01 2 2 -6.666667e-01 -6.666667e-01 -6.666667e-01 -6.666667e-01 6.666667e-01 6.666667e-01 6.666667e-01 6.666667e-01 6.666667e-01 6.666667e-01 9.290000e-01 -9.240000e-01 9.290000e-01 -9.240000e-01 9.290000e-01 -9.240000e-01 -1.114021e-02
298 0 0 0 0 0 0 0 0 0 0 0 0 2 2 0 0 0 0 0 0 0 0 0 0 9.290000e-01 -9.240000e-01 9.290000e-01 -9.240000e-01 9.290000e-01 -9.240000e-01 -8.395342e-02
299 -6.666667e-01 -6.666667e-01 -6.666667e-01 -6.666667e-01 -6.666667e-01 -6.666667e-01 6.666667e-01 6.666667e-01 -6.666667e-01 -6.666667e-01 -6.666667e-01 -6.666667e-01 2 2 6.666667e-01 6.666667e-01 6.666667e-01 6.666667e-01 -6.666667e-01 -6.666667e-01 -6.666667e-01 -6.666667e-01 -6.666667e-01 -6.666667e-01 9.290000e-01 -9.240000e-01 9.290000e-01 -9.240000e-01 9.290000e-01 -9.240000e-01 -6.953024e-02
300 -1.333333e+00 -1.333333e+00 -1.333333e+00 -1.333333e+00 -1.333333e+00 -1.333333e+00 1.333333e+00 1.333333e+00 -1.333333e+00 -1.333333e+00 -1.333333e+00 -1.333333e+00 2 2 1.333333e+00 1.333333e+00 1.333333e+00 1.333333e+00 -1.333333e+00 -1.333333e+00 -1.333333e+00 -1.333333e+00 -1.333333e+00 -1.333333e+00 9.290000e-01 -9.240000e-01 9.290000e-01 -9.240000e-01 9.290000e-01 -9.240000e-01 -5.443509e-02
301 -2 -2 -2 -2 -2 -2 2 2 -2 -2 -2 -2 2 2 2 2 2 2 -2 -2 -2 -2 -2 -2 9.290000e-01 -9.240000e-01 9.290000e-01 -9.240000e-01 9.290000e-01 -9.240000e-01 2.201851e-02
302 -2 -2 -2 -2 -2 -2 2 2 -2 -2 -2 -2 2 2 2 2 2 2 -2 -2 -2 -2 -2 -2 9.290000e-01 -9.240000e-01 9.290000e-01 -9.240000e-01 9.290000e-01 -9.240000e-01 2.202190e-02
303 -2 -2 -2 -2 -2 -2 2 2 -2 -2 -2 -2 1.333333e+00 1.333333e+00 2 2 2 2 -2 -2 -2 -2 -2 -2 9.290000e-01 -9.240000e-01 9.290000e-01 -9.240000e-01 9.290000e-01 -9.240000e-01 1.956077e-02
304 -2 -2 -2 -2 -2 -2 2 2 -2 -2 -2 -2 6.666667e-01 6.666667e-01 2 2 2 2 -2 -2 -2 -2 -2 -2 9.290000e-01 -9.240000e-01 9.290000e-01 -9.240000e-01 9.290000e-01 -9.240000e-01 1.503306e-02
305 -2 -2 -2 -2 -2 -2 2 2 -2 -2 -2 -2 0 0 2 2 2 2 -2 -2 -2 -2 -2 -2 9.290000e-01 -9.240000e-01 9.290000e-01 -9.240000e-01 9.290000e-01 -9.240000e-01 1.174260e-02
306 -2 -2 -2 -2 -2 -2 2 2 -2 -2 -2 -2 -6.666667e-01 -6.666667e-01 2 2 2 2 -2 -2 -2 -2 -2 -2 9.290000e-01 -9.240000e-01 9.290000e-01 -9.240000e-01 9.290000e-01 -9.240000e-01 1.837958e-02
307 -2 -2 -2 -2 -2 -2 2 2 -2 -2 -2 -2 -1.333333e+00 -1.333333e+00 2 2 2 2 -2 -2 -2 -2 -2 -2 9.290000e-01 -9.240000e-01 9.290000e-01 -9.240000e-01 9.290000e-01 -9.240000e-01 1.997334e-02
308 -2 -2 -2 -2 -2 -2 2 2 -2 -2 -2 -2 -2 -2 2 2 2 2 -2 -2 -2 -2 -2 -2 9.290000e-01 -9.240000e-01 9.290000e-01 -9.240000e-01 9.290000e-01 -9.240000e-01 2.104373e-02
309 -2 -2 -2 -2 -2 -2 2 2 -2 -2 -2 -2 -2 -2 2 2 2 2 -2 -2 -2 -2 -2 -2 9.290000e-01 -9.240000e-01 9.290000e-01 -9.240000e-01 9.290000e-01 -9.240000e-01 2.104746e-02
310 -1.333333e+00 -1.333333e+00 -1.333333e+00 -1.333333e+00 -1.333333e+00 -1.333333e+00 1.333333e+00 1.333333e+00 -1.333333e+00 -1.333333e+00 -1.333333e+00 -1.333333e+00 -2 -2 1.333333e+00 1.333333e+00 1.333333e+00 1.333333e+00 -1.333333e+00 -1.333333e+00 -1.333333e+00 -1.333333e+00 -1.333333e+00 -1.333333e+00 9.290000e-01 -9.240000e-01 9.290000e-01 -9.240000e-01 9.290000e-01 -9.240000e-01 4.995649e-02
311 -6.666667e-01 -6.666667e-01 -6.666667e-01 -6.666667e-01 -6.666667e-01 -6.666667e-01 6.666667e-01 6.666667e-01 -6.666667e-01 -6.666667e-01 -6.666667e-01 -6.666667e-01 -2 -2 6.666667e-01 6.666667e-01 6.666667e-01 6.666667e-01 -6.666667e-01 -6.666667e-01 -6.666667e-01 -6.666667e-01 -6.666667e-01 -6.666667e-01 9.290000e-01 -9.240000e-01 9.290000e-01 -9.240000e-01 9.290000e-01 -9.240000e-01 1.516282e-01
312 0 0 0 0 0 0 0 0 0 0 0 0 -2 -2 0 0 0 0 0 0 0 0 0 0 9.290000e-01 -9.240000e-01 9.290000e-01 -9.240000e-01 9.290000e-01 -9.240000e-01 1.721159e-01
313 6.666667e-01 6.666667e-01 6.666667e-01 6.666667e-01 6.666667e-01 6.666667e-01 -6.666667e-01 -6.666667e-01 6.666667e-01 6.666667e-01 6.666667e-01 6.666667e-01 -2 -2 -6.666667e-01 -6.666667e-01 -6.666667e-01 -6.666667e-01 6.666667e-01 6.666667e-01 6.666667e-01 6.666667e-01 6.666667e-01 6.666667e-01 9.290000e-01 -9.240000e-01 9.290000e-01 -9.240000e-01 9.290000e-01 -9.240000e-01 9.528009e-03
314 1.333333e+00 1.333333e+00 1.333333e+00 1.333333e+00 1.333333e+00 1.333333e+00 -1.333333e+00 -1.333333e+00 1.333333e+00 1.333333e+00 1.333333e+00 1.333333e+00 -2 -2 -1.333333e+00 -1.333333e+00 -1.333333e+00 -1.333333e+00 1.333333e+00 1.333333e+00 1.333333e+00 1.333333e+00 1.333333e+00 1.333333e+00 9.290000e-01 -9.240000e-01 9.290000e-01 -9.240000e-01 9.290000e-01 -9.240000e-01 -2.198716e-04
315 2 2 2 2 2 2 -2 -2 2 2 2 2 -2 -2 -2 -2 -2 -2 2 2 2 2 2 2 9.290000e-01 -9.240000e-01 9.290000e-01 -9.240000e-01 9.290000e-01 -9.240000e-01 -1.242815e-03
316 2 2 2 2 2 2 -2 -2 2 2 2 2 -2 -2 -2 -2 -2 -2 2 2 2 2 2 2 9.290000e-01 -9.240000e-01 9.290000e-01 -9.240000e-01 9.290000e-01 -9.240000e-01 -1.242816e-03
317 2 2 2 2 2 2 -2 -2 2 2 2 2 -1.333333e+00 -1.333333e+00 -2 -2 -2 -2 2 2 2 2 2 2 9.290000e-01 -9.240000e-01 9.290000e-01 -9.240000e-01 9.290000e-01 -9.240000e-01 -1.064028e-03
318 2 2 2 2 2 2 -2 -2 2 2 2 2 -6.666667e-01 -6.666667e-01 -2 -2 -2 -2 2 2 2 2 2 2 9.290000e-01 -9.240000e-01 9.290000e-01 -9.240000e-01 9.290000e-01 -9.240000e-01 -9.244817e-04
319 2 2 2 2 2 2 -2 -2 2 2 2 2 0 0 -2 -2 -2 -2 2 2 2 2 2 2 9.290000e-01 -9.240000e-01 9.290000e-01 -9.240000e-01 9.290000e-01 -9.240000e-01 -9.081062e-04
320 2 2 2 2 2 2 -2 -2 2 2 2 2 6.666667e-01 6.666667e-01 -2 -2 -2 -2 2 2 2 2 2 2 9.290000e-01 -9.240000e-01 9.290000e-01 -9.240000e-01 9.290000e-01 -9.240000e-01 -8.717440e-04
321 2 2 2 2 2 2 -2 -2 2 2 2 2 1.333333e+00 1.333333e+00 -2 -2 -2 -2 2 2 2 2 2 2 9.290000e-01 -9.240000e-01 9.290000e-01 -9.240000e-01 9.290000e-01 -9.240000e-01 -8.373018e-04
322 2 2 2 2 2 2 -2 -2 2 2 2 2 2 2 -2 -2 -2 -2 2 2 2 2 2 2 9.290000e-01 -9.240000e-01 9.290000e-01 -9.240000e-01 9.290000e-01 -9.240000e-01 -8.034348e-04
323 2 2 2 2 2 2 -2 -2 2 2 2 2 2 2 -2 -2 -2 -2 2 2 2 2 2 2 9.290000e-01 -9.240000e-01 9.290000e-01 -9.240000e-01 9.290000e-01 -9.240000e-01 -8.034266e-04
324 1.333333e+00 1.333333e+00 1.333333e+00 1.333333e+00 1.333333e+00 1.333333e+00 -1.333333e+00 -1.333333e+00 1.333333e+00 1.333333e+00 1.333333e+00 1.333333e+00 2 2 -1.333333e+00 -1.333333e+00 -1.333333e+00 -1.333333e+00 1.333333e+00 1.333333e+00 1.333333e+00 1.333333e+00 1.333333e+00 1.333333e+00 9.290000e-01 -9.240000e-01 9.290000e-01 -9.240000e-01 9.290000e-01 -9.240000e-01 -1.082796e-04
325 6.666667e-01 6.666667e-01 6.666667e-01 6.666667e-01 6.666667e-01 6.666667e-01 -6.666667e-01 -6.666667e-01 6.666667e-01 6.666667e-01 6.666667e-01 6.666667e-01 2 2 -6.666667e-01 -6.666667e-01 -6.666667e-01 -6.666667e-01 6.666667e-01 6.666667e-01 6.666667e-01 6.666667e-01 6.666667e-01 6.666667e-01 9.290000e-01 -9.240000e-01 9.290000e-01 -9.240000e-01 9.290000e-01 -9.240000e-01 -1.114021e-02
326 0 0 0 0 0 0 0 0 0 0 0 0 2 2 0 0 0 0 0 0 0 0 0 0 9.290000e-01 -9.240000e-01 9.290000e-01 -9.240000e-01 9.290000e-01 -9.240000e-01 -8.395342e-02
327 -6.666667e-01 -6.666667e-01 -6.666667e-01 -6.666667e-01 -6.666667e-01 -6.666667e-01 6.666667e-01 6.666667e-01 -6.666667e-01 -6.666667e-01 -6.666667e-01 -6.666667e-01 2 2 6.666667e-01 6.666667e-01 6.666667e-01 6.666667e-01 -6.666667e-01 -6.666667e-01 -6.666667e-01 -6.666667e-01 -6.666667e-01 -6.666667e-01 9.290000e-01 -9.240000e-01 9.290000e-01 -9.240000e-01 9.290000e-01 -9.240000e-01 -6.953024e-02
328 -1.333333e+00 -1.333333e+00 -1.333333e+00 -1.333333e+00 -1.333333e+00 -1.333333e+00 1.333333e+00 1.333333e+00 -1.333333e+00 -1.333333e+00 -1.333333e+00 -1.333333e+00 2 2 1.333333e+00 1.333333e+00 1.333333e+00 1.333333e+00 -1.333333e+00 -1.333333e+00 -1.333333e+00 -1.333333e+00 -1.333333e+00 -1.333333e+00 9.290000e-01 -9.240000e-01 9.290000e-01 -9.240000e-01 9.290000e-01 -9.240000e-01 -5.443509e-02
329 -2 -2 -2 -2 -2 -2 2 2 -2 -2 -2 -2 2 2 2 2 2 2 -2 -2 -2 -2 -2 -2 9.290000e-01 -9.240000e-01 9.290000e-01 -9.240000e-01 9.290000e-01 -9.240000e-01 2.201851e-02
330 -2 -2 -2 -2 -2 -2 2 2 -2 -2 -2 -2 2 2 2 2 2 2 -2 -2 -2 -2 -2 -2 9.290000e-01 -9.240000e-01 9.290000e-01 -9.240000e-01 9.290000e-01 -9.240000e-01 2.202190e-02
331 -2 -2 -2 -2 -2 -2 2 2 -2 -2 -2 -2 1.333333e+00 1.333333e+00 2 2 2 2 -2 -2 -2 -2 -2 -2 9.290000e-01 -9.240000e-01 9.290000e-01 -9.240000e-01 9.290000e-01 -9.240000e-01 1.956077e-02
332 -2 -2 -2 -2 -2 -2 2 2 -2 -2 -2 -2 6.666667e-01 6.666667e-01 2 2 2 2 -2 -2 -2 -2 -2 -2 9.290000e-01 -9.240000e-01 9.290000e-01 -9.240000e-01 9.290000e-01 -9.240000e-01 1.503306e-02
333 -2 -2 -2 -2 -2 -2 2 2 -2 -2 -2 -2 0 0 2 2 2 2 -2 -2 -2 -2 -2 -2 9.290000e-01 -9.240000e-01 9.290000e-01 -9.240000e-01 9.290000e-01 -9.240000e-01 1.174260e-02
334 -2 -2 -2 -2 -2 -2 2 2 -2 -2 -2 -2 -6.666667e-01 -6.666667e-01 2 2 2 2 -2 -2 -2 -2 -2 -2 9.290000e-01 -9.240000e-01 9.290000e-01 -9.240000e-01 9.290000e-01 -9.240000e-01 1.837958e-02
335 -2 -2 -2 -2 -2 -2 2 2 -2 -2 -2 -2 -1.333333e+00 -1.333333e+00 2 2 2 2 -2 -2 -2 -2 -2 -2 9.290000e-01 -9.240000e-01 9.290000e-01 -9.240000e-01 9.290000e-01 -9.240000e-01 1.997334e-02
336 -2 -2 -2 -2 -2 -2 2 2 -2 -2 -2 -2 -2 -2 2 2 2 2 -2 -2 -2 -2 -2 -2 9.290000e-01 -9.240000e-01 9.290000e-01 -9.240000e-01 9.290000e-01 -9.240000e-01 2.104373e-02
337 -2 -2 -2 -2 -2 -2 2 2 -2 -2 -2 -2 -2 -2 2 2 2 2 -2 -2 -2 -2 -2 -2 9.290000e-01 -9.240000e-01 9.290000e-01 -9.240000e-01 9.290000e-01 -9.240000e-01 2.104746e-02
338 -2 -2 -2 -2 -2 -2 1.333333e+00 1.333333e+00 -2 -2 -2 -2 -2 -2 1.333333e+00 1.333333e+00 1.333333e+00 1.333333e+00 -2 -2 -2 -2 -2 -2 9.290000e-01 -9.240000e-01 9.290000e-01 -9.240000e-01 9.290000e-01 -9.240000e-01 5.014939e-02
339 -2 -2 -2 -2 -2 -2 6.666667e-01 6.666667e-01 -2 -2 -2 -2 -2 -2 6.666667e-01 6.666667e-01 6.666667e-01 6.666667e-01 -2 -2 -2 -2 -2 -2 9.290000e-01 -9.240000e-01 9.290000e-01 -9.240000e-01 9.290000e-01 -9.240000e-01 1.518099e-01
340 -2 -2 -2 -2 -2 -2 0 0 -2 -2 -2 -2 -2 -2 0 0 0 0 -2 -2 -2 -2 -2 -2 9.290000e-01 -9.240000e-01 9.290000e-01 -9.240000e-01 9.290000e-01 -9.240000e-01 1.734094e-01
341 -2 -2 -2 -2 -2 -2 -6.666667e-01 -6.666667e-01 -2 -2 -2 -2 -2 -2 -6.666667e-01 -6.666667e-01 -6.666667e-01 -6.666667e-01 -2 -2 -2 -2 -2 -2 9.290000e-01 -9.240000e-01 9.290000e-01 -9.240000e-01 9.290000e-01 -9.240000e-01 1.033514e-02
342 -2 -2 -2 -2 -2 -2 -1.333333e+00 -1.333333e+00 -2 -2 -2 -2 -2 -2 -1.333333e+00 -1.333333e+00 -1.333333e+00 -1.333333e+00 -2 -2 -2 -2 -2 -2 9.290000e-01 -9.240000e-01 9.290000e-01 -9.240000e-01 9.290000e-01 -9.240000e-01 1.162888e-03
343 -2 -2 -2 -2 -2 -2 -2 -2 -2 -2 -2 -2 -2 -2 -2 -2 -2 -2 -2 -2 -2 -2 -2 -2 9.290000e-01 -9.240000e-01 9.290000e-01 -9.240000e-01 9.290000e-01 -9.240000e-01 7.726238e-04
344 -2 -2 -2 -2 -2 -2 -2 -2 -2 -2 -2 -2 -2 -2 -2 -2 -2 -2 -2 -2 -2 -2 -2 -2 9.290000e-01 -9.240000e-01 9.290000e-01 -9.240000e-01 9.290000e-01 -9.240000e-01 7.726238e-04
345 -2 -2 -2 -2 -2 -2 -2 -2 -2 -2 -2 -2 -2 -2 -2 -2 -2 -2 -2 -2 -2 -2 -2 -2 9.290000e-01 -9.240000e-01 9.290000e-01 -9.240000e-01 9.290000e-01 -9.240000e-01 7.726238e-04
346 -2 -2 -2 -2 -2 -2 -2 -2 -2 -2 -2 -2 -2 -2 -2 -2 -2 -2 -2 -2 -2 -2 -2 -2 9.290000e-01 -9.240000e-01 9.290000e-01 -9.240000e-01 9.290000e-01 -9.240000e-01 7.726238e-04
347 -2 -2 -2 -2 -2 -2 -2 -2 -2 -2 -2 -2 -2 -2 -2 -2 -2 -2 -2 -2 -2 -2 -2 -2 9.290000e-01 -9.240000e-01 9.290000e-01 -9.240000e-01 9.290000e-01 -9.240000e-01 7.726238e-04
348 -2 -2 -2 -2 -2 -2 -2 -2 -2 -2 -2 -2 -2 -2 -2 -2 -2 -2 -2 -2 -2 -2 -2 -2 9.290000e-01 -9.240000e-01 9.290000e-01 -9.240000e-01 9.290000e-01 -9.240000e-01 7.726238e-04
349 -2 -2 -2 -2 -2 -2 -2 -2 -2 -2 -2 -2 -2 -2 -2 -2 -2 -2 -2 -2 -2 -2 -2 -2 9.290000e-01 -9.240000e-01 9.290000e-01 -9.240000e-01 9.290000e-01 -9.240000e-01 7.726238e-04
350 -2 -2 -2 -2 -2 -2 -2 -2 -2 -2 -2 -2 -2 -2 -2 -2 -2 -2 -2 -2 -2 -2 -2 -2 9.290000e-01 -9.240000e-01 9.290000e-01 -9.240000e-01 9.290000e-01 -9.240000e-01 7.726238e-04