5         0 0 0 0
1.9526    0 0 0 0
1.8526    0 0 0 0
1.7526    0 0 0 0
1.6526    0 0 0 0
1.5526    0 0 0 0
1.4526    0 0 0 0
1.3526    0 0 0 0
1.2526    0 0 0 0
1.0889    0 0 0 0
0.92518   0 0 0 0
0.76149   0 0 0 0
0.59780   0 0 0 0
0.51596   0 0 0 0
0.43778   0 0 0 0
0.35227   0 0 0 0
0.27042   0 0 0 0
0.18858   0 0 0 0
0.10673   0 0 0 0
0.024889  0 0 0 0
-0.05700  0 0 0 0
-0.13880  0 0 0 0
-0.22064  0 0 0 0
-0.30249  0 0 0 0
-0.38765  0 0 0 0
-0.46618  0 0 0 0
-0.54820  0 0 0 0
-0.71171  0 0 0 0
-0.87540  0 0 0 0
-1.0391   0 0 0 0
-1.2028   0 0 0 0
-1.3028   0 0 0 0
-1.4028   0 0 0 0
-1.5028   0 0 0 0
-1.6028   0 0 0 0
-1.7028   0 0 0 0
-1.8028   0 0 0 0
-1.9028   0 0 0 0
-5        0 0 0 0
