           -2      0.93915     0.060846            0            0
      -1.9596      0.93592     0.064083            0            0
      -1.9192      0.93252      0.06748            0            0
      -1.8788      0.92896     0.071043            0            0
      -1.8384      0.92522      0.07478            0            0
       -1.798       0.9213     0.078696            0            0
      -1.7576       0.9172     0.082799            0            0
      -1.7172       0.9129     0.087095            0            0
      -1.6768      0.90841     0.091592            0            0
      -1.6364       0.9037     0.096297            0            0
       -1.596      0.89878      0.10122            0            0
      -1.5556      0.89364      0.10636            0            0
      -1.5152      0.88827      0.11173            0            0
      -1.4747      0.88267      0.11733            0            0
      -1.4343      0.87682      0.12318            0            0
      -1.3939      0.87072      0.12928            0            0
      -1.3535      0.86437      0.13563            0            0
      -1.3131      0.85776      0.14224            0            0
      -1.2727      0.85088      0.14912            0            0
      -1.2323      0.84372      0.15628            0            0
      -1.1919       0.8363       0.1637            0            0
      -1.1515      0.82859      0.17141            0            0
      -1.1111      0.82059      0.17941            0            0
      -1.0707      0.81231      0.18769            0            0
      -1.0303      0.80373      0.19627            0            0
      -0.9899      0.79486      0.20514            0            0
     -0.94949       0.7857       0.2143            0            0
     -0.90909      0.77625      0.22375            0            0
     -0.86869       0.7665       0.2335            0            0
     -0.82828      0.75646      0.24354            0            0
     -0.78788      0.74613      0.25387            0            0
     -0.74747      0.73551      0.26449            0            0
     -0.70707      0.72462      0.27538            0            0
     -0.66667      0.71345      0.28655            0            0
     -0.62626      0.70202      0.29798            0            0
     -0.58586      0.69032      0.30968            0            0
     -0.54545      0.67838      0.32162            0            0
     -0.50505       0.6662       0.3338            0            0
     -0.46465       0.6538       0.3462            0            0
     -0.42424      0.64118      0.35882            0            0
     -0.38384      0.62837      0.37163            0            0
     -0.34343      0.61537      0.38463            0            0
     -0.30303       0.6022       0.3978            0            0
     -0.26263      0.58888      0.41112            0            0
     -0.22222      0.57544      0.42456            0            0
     -0.18182      0.56188      0.43812            0            0
     -0.14141      0.54822      0.45178            0            0
     -0.10101       0.5345       0.4655            0            0
    -0.060606      0.52072      0.47928            0            0
    -0.020202      0.50691      0.49309            0            0
     0.020202      0.49309      0.50691            0            0
     0.060606      0.47928      0.52072            0            0
      0.10101       0.4655       0.5345            0            0
      0.14141      0.45178      0.54822            0            0
      0.18182      0.43812      0.56188            0            0
      0.22222      0.42456      0.57544            0            0
      0.26263      0.41112      0.58888            0            0
      0.30303       0.3978       0.6022            0            0
      0.34343      0.38463      0.61537            0            0
      0.38384      0.37163      0.62837            0            0
      0.42424      0.35882      0.64118            0            0
      0.46465       0.3462       0.6538            0            0
      0.50505       0.3338       0.6662            0            0
      0.54545      0.32162      0.67838            0            0
      0.58586      0.30968      0.69032            0            0
      0.62626      0.29798      0.70202            0            0
      0.66667      0.28655      0.71345            0            0
      0.70707      0.27538      0.72462            0            0
      0.74747      0.26449      0.73551            0            0
      0.78788      0.25387      0.74613            0            0
      0.82828      0.24354      0.75646            0            0
      0.86869       0.2335       0.7665            0            0
      0.90909      0.22375      0.77625            0            0
      0.94949       0.2143       0.7857            0            0
       0.9899      0.20514      0.79486            0            0
       1.0303      0.19627      0.80373            0            0
       1.0707      0.18769      0.81231            0            0
       1.1111      0.17941      0.82059            0            0
       1.1515      0.17141      0.82859            0            0
       1.1919       0.1637       0.8363            0            0
       1.2323      0.15628      0.84372            0            0
       1.2727      0.14912      0.85088            0            0
       1.3131      0.14224      0.85776            0            0
       1.3535      0.13563      0.86437            0            0
       1.3939      0.12928      0.87072            0            0
       1.4343      0.12318      0.87682            0            0
       1.4747      0.11733      0.88267            0            0
       1.5152      0.11173      0.88827            0            0
       1.5556      0.10636      0.89364            0            0
        1.596      0.10122      0.89878            0            0
       1.6364     0.096297       0.9037            0            0
       1.6768     0.091592      0.90841            0            0
       1.7172     0.087095       0.9129            0            0
       1.7576     0.082799       0.9172            0            0
        1.798     0.078696       0.9213            0            0
       1.8384      0.07478      0.92522            0            0
       1.8788     0.071043      0.92896            0            0
       1.9192      0.06748      0.93252            0            0
       1.9596     0.064083      0.93592            0            0
            2     0.060846      0.93915            0            0
