            5     0.017045      0.98295            0            0
       1.9889     0.017045      0.98295            0            0
       1.8526     0.019495       0.9805            0            0
       1.7889     0.020821      0.97918            0            0
       1.6526     0.024142      0.97586            0            0
       1.5889     0.025966      0.97403            0            0
       1.4526     0.030608      0.96939            0            0
       1.3889       0.0332       0.9668            0            0
       1.2526     0.039928      0.96007            0            0
       1.0889     0.050923      0.94908            0            0
      0.92518     0.066766      0.93323            0            0
      0.76149     0.090388      0.90961            0            0
       0.5978      0.12682      0.87318            0            0
      0.51596      0.15226      0.84774            0            0
      0.43778      0.18267      0.81733            0            0
      0.35227      0.22433      0.77567            0            0
      0.27042      0.27379      0.72621            0            0
      0.18858      0.33324      0.66676            0            0
      0.10673      0.40184      0.59816            0            0
     0.024889      0.47668      0.52332            0            0
       -0.057      0.55316      0.44684            0            0
      -0.1388      0.62599      0.37401            0            0
     -0.22064      0.69122      0.30878            0            0
     -0.30249      0.74677      0.25323            0            0
     -0.38765      0.79407      0.20593            0            0
      -0.5482      0.85847      0.14153            0            0
     -0.71171       0.9002     0.099805            0            0
      -0.8754      0.92705     0.072945            0            0
      -1.0391      0.94488     0.055124            0            0
      -1.2028      0.95712      0.04288            0            0
      -1.3391      0.96455     0.035453            0            0
      -1.4328      0.96862     0.031381            0            0
      -1.5391      0.97247     0.027535            0            0
      -1.6028      0.97445     0.025551            0            0
      -1.7391      0.97805     0.021952            0            0
      -1.8328      0.98011     0.019894            0            0
           -5      0.98011     0.019894            0            0
